#seed = 808
431
571
932
234
294
249
895
899
747
914
216
263
493
617
183
373
570
324
96
799
541
452
228
148
660
56
705
704
191
249
594
973
819
526
206
464
774
452
362
872
365
929
486
210
897
668
934
466
344
29
617
236
481
844
736
140
251
440
196
793
688
789
765
859
314
323
322
439
774
36
310
139
316
147
700
213
167
633
30
862
662
646
449
142
841
184
633
92
975
828
236
663
617
353
873
282
675
546
721
448
581
382
938
897
529
637
109
47
270
138
908
931
136
356
424
976
540
408
419
514
236
655
528
204
359
400
485
33
946
557
832
878
291
122
126
171
758
234
217
379
724
124
661
211
831
436
186
722
844
957
236
79
611
115
282
321
867
118
353
164
675
536
41
965
657
167
135
767
752
703
145
827
826
158
37
656
593
575
378
788
531
965
218
493
431
499
813
297
969
517
460
643
52
853
959
709
371
445
827
122
147
323
301
324
480
337
979
425
263
708
564
793
24
782
285
807
632
449
455
600
965
267
594
17
119
904
77
489
348
903
962
846
225
262
169
57
951
500
481
213
207
396
358
583
177
994
389
809
443
195
408
407
461
354
423
579
257
851
419
605
753
733
450
330
994
619
386
296
470
218
861
28
613
218
610
790
211
350
598
5
545
357
412
5
710
186
936
967
37
706
923
141
438
724
470
784
694
207
79
163
424
939
191
389
508
152
178
71
502
127
75
398
835
486
754
545
24
41
863
60
747
137
552
184
860
374
967
554
580
398
716
4
688
258
744
196
410
921
266
911
399
340
660
233
178
413
777
201
806
991
612
552
127
163
87
987
536
406
892
468
803
959
823
490
217
566
37
626
486
302
888
236
994
547
468
171
311
597
371
116
587
982
19
66
496
106
404
384
863
295
851
17
253
25
858
469
590
895
446
427
196
333
662
189
231
129
711
542
725
81
9
664
414
28
729
910
485
484
645
347
778
847
363
382
871
220
203
460
114
648
886
662
981
899
202
563
27
913
456
104
345
465
119
759
844
199
20
328
682
664
674
459
510
388
840
380
607
394
191
73
42
428
86
374
326
287
936
352
551
392
807
896
208
925
6
51
475
25
378
156
688
403
966
549
790
158
280
748
551
470
820
592
249
905
965
574
544
253
277
446
996
84
693
203
360
698
253
835
722
630
990
761
384
956
661
173
465
940
920
15
761
92
607
9
348
923
582
891
527
211
689
522
294
381
724
653
79
328
839
152
309
829
913
692
136
925
864
600
865
136
966
977
227
924
986
574
847
919
817
725
129
505
247
774
237
322
779
667
2
617
819
310
797
83
2
284
7
217
235
223
352
201
200
930
124
537
504
322
455
320
47
936
176
645
709
764
318
487
431
319
456
601
629
604
35
982
888
41
550
122
616
254
322
815
183
798
351
686
119
157
357
165
444
884
161
153
648
479
991
78
797
798
678
777
402
712
110
289
104
660
762
71
913
436
237
447
233
939
133
351
96
841
868
539
725
28
43
724
506
386
153
655
183
830
431
584
893
541
224
348
552
986
419
816
421
655
262
5
594
746
355
41
587
574
931
663
602
974
738
459
711
890
113
893
71
544
829
963
436
52
662
987
389
432
802
161
439
415
165
384
161
872
776
99
445
706
113
398
31
850
857
741
739
969
986
809
864
814
123
299
217
136
637
958
920
438
118
358
205
635
93
365
506
868
815
302
573
927
700
956
776
556
696
866
876
33
26
740
846
500
38
415
987
27
372
906
816
489
615
20
475
707
384
332
574
198
634
499
476
685
806
603
592
853
820
467
886
845
206
731
696
596
497
35
622
868
940
437
709
555
809
183
613
192
515
539
742
500
37
217
184
842
172
775
694
991
593
931
188
151
662
883
98
510
917
719
378
209
507
86
115
315
268
727
859
134
265
952
633
653
520
168
846
691
294
892
682
887
822
869
37
835
103
134
345
372
204
74
580
62
159
694
729
778
772
587
264
389
890
248
41
409
416
239
100
709
482
133
595
655
1
983
490
455
116
186
826
671
259
405
733
769
450
461
898
222
399
161
610
288
409
2
696
824
240
147
884
73
279
831
728
631
813
569
86
281
106
911
951
716
668
35
484
117
495
381
338
893
894
299
180
302
301
228
477
892
374
712
965
653
542
692
635
707
260
720
339
365
983
289
432
650
324
915
118
170
647
808
63
540
106
594
193
406
821
21
298
547
85
262
199
626
305
833
684
916
905
22
632
887
663
63
888
338
329
357
507
975
164
921
867
622
867
411
27
39
784
676
585
868
289
783
845
593
968
529
860
224
902
491
462
564
553
349
253
881
57
760
208
573
32
426
194
898
836
572
937
971
248
873
838
536
656
683
481
975
563
692
198
464
183
659
380
87
359
632
320
767
743
527
339
127
304
532
376
491
104
664
462
703
537
299
590
192
333
422
518
247
114
67
711
296
725
442
382
435
425
53
201
520
579
540
646
882
423
21
373
878
685
186
580
221
484
170
764
169
591
633
415
56
699
477
351
423
270
85
209
695
137
409
214
68
300
211
301
723
231
25
600
267
210
180
839
46
701
602
214
643
586
980
699
284
457
401
58
726
485
266
772
974
675
337
41
974
547
341
48
778
366
1000
396
927
179
235
972
231
188
537
873
774
517
923
57
325
324
115
402
160
732
174
133
406
510
525
732
409
866
131
538
583
130
933
861
660
519
833
890
707
369
115
832
237
389
888
913
712
354
315
872
86
840
356
843
701
881
926
109
98
409
646
32
538
931
892
198
449
724
439
507
445
905
338
33
646
578
946
357
931
260
580
368
99
288
563
151
168
840
260
265
248
257
296
786
187
187
335
988
263
125
494
59
382
832
91
27
761
36
735
43
647
315
411
97
602
325
248
121
164
859
385
764
115
32
549
654
570
235
641
832
711
486
890
92
317
333
118
429
720
853
472
367
519
234
815
472
558
414
592
73
272
328
836
387
359
736
392
928
322
32
112
33
517
353
124
186
37
594
966
757
446
437
475
964
670
289
787
579
703
378
4
326
705
191
64
415
927
455
694
600
838
805
632
355
510
756
892
546
349
857
302
146
646
128
461
667
769
247
246
471
976
249
148
680
791
212
446
717
666
139
317
504
296
300
210
805
55
453
350
755
661
4
900
306
131
712
973
899
958
570
721
933
170
869
964
960
432
409
677
97
900
345
600
195
644
161
999
51
613
700
157
626
55
409
931
538
120
255
788
78
824
509
362
993
729
326
953
160
86
981
608
985
677
560
179
672
720
529
74
685
581
231
310
635
639
592
172
758
847
960
187
22
820
549
367
900
226
319
411
311
651
18
648
679
929
178
350
1
707
424
685
639
6
346
273
644
289
797
401
487
108
588
509
279
488
875
530
713
545
940
23
547
309
22
225
238
200
926
238
906
701
274
896
706
971
520
349
259
668
102
746
775
689
254
405
176
480
934
240
376
225
614
922
886
636
498
475
835
423
64
92
476
689
987
181
659
506
882
917
174
983
14
300
23
619
57
550
98
342
789
473
919
402
746
804
37
243
630
223
18
45
314
493
733
652
25
743
158
906
659
683
240
25
334
262
643
390
811
93
732
951
917
2
353
663
157
741
257
786
316
626
830
629
470
914
281
495
656
790
752
666
472
992
690
157
253
685
547
416
777
630
366
693
983
70
707
139
163
964
276
478
589
457
106
411
370
738
905
377
527
8
42
350
999
84
507
604
768
405
19
896
386
736
588
368
806
295
506
968
610
781
445
198
237
902
608
958
640
864
334
518
872
727
868
222
162
726
825
929
482
195
824
867
931
764
586
736
58
443
55
19
575
851
216
163
752
176
120
743
391
805
613
614
883
832
836
45
557
12
325
390
207
501
608
137
264
193
224
673
635
278
691
561
480
258
723
231
785
194
326
528
350
938
141
232
769
328
276
677
340
953
66
546
453
673
34
68
217
609
740
203
238
782
763
717
391
837
299
176
382
624
703
731
913
843
314
33
523
942
61
862
894
126
759
346
150
144
765
718
752
504
920
989
637
34
705
27
870
3
202
603
979
256
333
243
451
999
276
973
940
688
834
185
166
944
882
315
87
646
33
838
501
304
826
137
338
882
163
559
236
717
162
214
972
846
809
422
844
436
394
135
123
579
319
288
874
200
955
960
845
987
149
697
642
326
833
979
207
996
538
443
712
699
8
35
544
168
457
740
603
202
874
726
133
193
13
6
744
319
966
941
305
466
637
947
792
470
277
998
465
166
792
528
216
152
562
112
671
370
851
274
572
724
351
56
268
715
61
12
34
378
952
690
844
588
988
635
57
265
984
873
430
128
752
998
631
666
109
301
35
959
926
958
34
276
13
302
343
426
313
376
803
616
65
646
203
405
632
612
669
968
836
450
95
588
447
77
253
907
729
639
865
655
597
899
282
961
552
976
386
864
351
189
479
768
186
33
172
170
644
192
137
832
993
583
419
792
11
23
698
739
13
915
745
961
165
27
922
716
354
659
931
705
199
761
824
385
793
347
906
789
890
42
620
882
624
390
25
634
764
75
724
776
989
469
737
505
847
658
220
200
316
502
256
515
262
79
251
406
777
156
546
666
549
517
900
524
906
924
509
21
998
232
797
338
52
533
842
898
542
413
450
209
914
705
75
527
136
325
285
912
832
830
578
380
347
477
903
604
752
411
625
102
995
773
439
46
305
633
944
846
397
393
406
663
449
481
189
584
157
473
848
989
655
777
368
1
605
623
956
356
385
932
457
379
704
248
425
8
880
720
205
628
464
611
290
912
443
479
848
599
303
47
587
957
823
307
309
427
281
265
782
665
196
591
44
900
838
468
259
69
187
816
696
650
778
338
913
220
168
760
818
470
806
757
779
980
415
87
406
695
703
540
359
251
482
402
502
671
221
760
739
759
927
786
408
704
123
673
275
642
784
93
112
942
201
242
921
615
680
679
309
383
570
667
985
51
421
486
721
641
597
811
400
524
948
159
579
423
831
854
64
615
298
527
556
498
768
828
464
448
506
772
182
75
790
166
477
562
651
197
203
599
359
954
122
307
112
701
729
295
906
144
261
203
671
816
52
790
643
515
589
501
638
770
575
779
287
52
341
289
600
895
888
959
848
361
617
311
413
697
605
318
840
865
872
510
32
923
652
27
789
240
527
778
362
453
557
648
856
249
937
456
143
824
766
342
536
382
652
949
78
609
266
917
825
138
779
857
412
430
883
201
21
761
330
382
213
238
30
421
486
318
876
980
493
993
673
28
374
325
976
803
285
594
71
109
731
201
965
494
630
199
694
3
311
24
384
876
261
413
296
99
730
523
430
222
515
103
602
240
427
577
394
63
170
464
171
252
665
488
746
646
38
791
648
349
166
32
576
427
796
871
877
878
393
306
451
259
408
52
850
186
629
243
248
150
706
771
402
722
610
499
720
647
289
719
347
455
102
274
233
898
144
109
127
888
766
577
498
174
629
347
711
609
589
959
110
647
81
863
720
690
361
439
688
650
158
387
456
259
660
688
508
156
148
634
43
913
211
893
86
191
239
149
151
180
107
260
826
539
123
897
228
835
336
267
836
845
653
291
455
665
978
315
820
125
948
214
390
510
106
827
52
345
975
202
876
433
814
53
971
288
949
550
122
284
817
958
480
821
248
935
485
578
249
656
54
548
870
443
410
975
622
461
671
596
15
546
29
828
598
999
115
547
901
588
182
69
897
14
889
497
300
726
74
548
381
479
447
250
274
856
577
895
669
599
490
683
145
870
510
94
221
976
992
121
563
174
189
460
539
429
308
838
154
381
737
887
211
183
488
484
391
64
378
59
663
220
741
159
89
602
252
661
577
244
781
491
769
321
302
659
750
609
496
903
341
232
141
552
766
629
387
156
692
117
566
706
336
658
864
776
259
116
437
187
711
569
30
831
890
331
489
639
292
984
893
984
567
34
535
332
662
922
840
705
38
405
411
725
63
274
852
673
741
640
860
803
209
889
985
450
571
473
88
214
808
332
198
726
717
732
58
378
5
249
435
394
653
845
470
67
470
322
92
211
961
951
365
521
191
350
970
113
174
57
327
334
741
876
59
457
959
468
187
964
716
621
709
721
465
179
139
934
852
230
496
812
532
213
685
722
562
654
187
87
63
865
420
803
740
479
611
698
946
797
13
662
417
722
734
233
252
872
167
103
102
14
266
633
226
950
707
139
604
245
226
18
109
645
820
848
475
430
897
773
579
910
434
995
631
519
228
234
390
746
336
843
111
953
476
689
255
534
827
210
778
404
227
886
401
398
85
875
179
981
647
757
242
432
104
872
950
331
457
692
428
144
534
890
97
9
578
351
894
405
560
671
808
138
908
560
535
344
435
713
677
433
822
918
865
925
142
166
607
598
857
386
742
391
275
838
751
853
540
997
609
451
667
768
588
927
328
474
270
114
538
298
546
359
216
410
635
357
928
593
954
784
978
47
526
605
884
629
809
775
625
417
225
643
536
164
569
863
637
191
976
527
488
522
237
55
283
872
411
210
816
717
346
146
763
223
750
999
851
910
773
827
326
350
470
861
865
390
76
854
932
51
380
420
924
616
826
559
839
237
120
7
953
465
152
67
688
253
65
890
162
190
717
839
539
538
51
403
927
126
256
211
529
987
982
804
603
807
362
793
43
482
799
347
298
302
414
337
554
830
227
67
19
295
905
557
832
308
312
110
433
919
320
313
906
301
117
860
460
830
4
502
663
803
201
961
104
966
297
10
795
875
428
814
169
685
722
352
992
385
814
776
304
485
89
561
138
557
420
597
738
423
450
401
577
650
361
33
615
9
394
410
884
821
575
404
505
296
756
496
681
921
272
336
405
712
896
894
620
667
490
357
441
292
109
370
941
469
402
908
830
795
317
713
615
243
116
472
538
223
967
570
143
590
257
900
653
504
145
272
522
635
981
315
926
89
684
218
910
437
125
739
583
793
451
549
35
918
20
925
493
339
846
987
928
103
238
933
958
383
204
480
369
536
794
294
625
829
863
534
265
340
624
847
132
426
747
519
343
767
795
187
105
640
174
384
94
411
316
404
793
872
883
513
407
28
158
383
856
21
268
472
360
891
670
843
316
416
713
11
182
507
549
638
499
722
22
944
485
689
347
629
560
229
142
319
608
299
701
463
671
969
286
30
211
955
225
527
723
937
889
904
444
437
894
294
511
915
237
995
955
584
975
515
164
116
833
772
767
885
586
437
853
872
819
416
178
43
942
900
331
182
156
126
970
49
419
480
315
656
826
269
239
153
135
402
620
319
525
386
204
111
175
408
982
993
823
511
387
116
411
717
297
918
843
619
966
261
98
632
916
276
252
506
428
387
260
47
705
784
785
908
894
959
316
227
951
490
738
337
606
500
53
254
417
247
872
382
508
322
365
775
597
616
281
376
2
892
774
59
675
558
318
921
516
985
147
818
475
236
506
432
735
911
685
151
157
557
884
664
230
248
791
178
216
423
553
569
314
678
627
340
236
297
260
103
281
759
273
755
994
778
186
81
688
223
231
197
131
467
860
360
66
650
537
281
424
441
850
737
118
828
77
705
124
688
160
757
446
432
863
792
561
401
872
601
623
454
797
753
920
8
112
986
10
1000
266
433
440
467
170
909
295
598
614
770
285
125
526
731
908
389
874
468
789
745
68
763
198
216
515
118
224
978
455
233
977
72
665
768
539
834
676
185
783
641
306
68
117
832
150
24
572
23
492
712
119
911
474
316
127
988
785
350
317
239
934
645
311
598
412
201
784
439
385
566
80
690
985
196
873
134
572
796
508
63
507
626
325
980
294
803
319
78
504
635
669
437
279
331
35
42
531
170
481
267
735
912
308
720
459
533
205
30
328
713
444
835
338
769
814
631
923
485
61
427
119
81
863
750
411
249
791
293
418
623
559
505
534
218
576
345
750
132
374
78
844
818
912
534
938
77
516
860
561
928
286
32
8
501
133
418
101
275
62
519
898
972
375
783
190
302
127
939
433
853
16
629
22
279
514
959
356
381
170
268
309
808
299
668
660
783
438
760
58
499
278
955
471
4
89
660
657
568
598
90
420
966
70
441
596
583
751
951
315
272
571
623
79
869
291
738
4
728
498
61
578
127
367
48
483
455
707
139
374
657
580
793
974
649
585
569
583
687
872
898
959
442
872
389
662
514
479
665
593
328
77
171
806
443
218
288
250
277
779
623
933
358
416
258
359
352
178
293
39
49
542
997
842
414
385
856
927
863
520
520
190
597
690
996
391
259
635
640
535
413
263
819
123
30
76
833
381
254
125
771
654
667
119
848
432
504
703
710
718
574
581
260
522
622
607
913
881
593
552
415
358
166
586
832
547
13
664
280
266
140
50
272
158
169
119
589
24
821
651
93
394
231
704
916
853
310
180
85
255
83
851
612
249
436
443
147
449
458
426
66
597
476
337
755
996
807
695
371
979
345
463
725
576
167
640
780
828
171
864
82
253
714
45
853
502
839
1000
950
296
425
367
245
252
56
999
599
862
693
969
193
390
432
917
317
950
908
96
129
78
311
563
330
376
607
183
229
446
534
530
93
310
897
337
562
952
687
512
165
732
481
357
121
264
273
437
565
180
884
693
609
546
255
291
921
214
825
502
11
358
31
103
667
927
792
580
230
478
92
395
209
924
103
681
539
728
117
103
259
352
147
868
897
402
158
170
615
982
671
977
691
701
79
357
980
870
289
209
700
732
955
260
7
410
941
545
489
57
999
747
761
145
966
9
898
475
178
864
808
200
840
498
253
271
207
584
492
847
792
191
578
99
451
584
860
391
480
348
799
478
94
911
974
412
920
224
886
97
439
46
649
279
543
901
901
101
484
392
947
627
935
876
77
385
811
936
127
290
635
277
119
729
188
93
492
107
668
377
555
106
422
203
736
317
455
636
769
290
28
68
269
962
943
345
698
754
633
176
395
267
452
514
347
639
958
838
745
625
567
652
730
340
854
466
8
661
101
777
950
480
844
218
793
138
915
490
891
899
665
286
165
469
799
864
107
108
53
204
732
619
855
813
311
60
630
318
720
83
446
670
562
289
239
355
427
505
196
669
403
213
306
920
681
456
783
139
563
187
342
294
158
548
459
468
960
88
137
679
170
583
700
84
223
291
790
1
795
985
22
198
549
327
469
229
783
251
368
697
789
61
991
946
961
801
413
920
888
902
598
410
484
650
493
58
940
282
411
734
618
432
283
167
758
751
747
892
353
114
589
142
527
931
87
487
731
852
758
970
105
355
379
588
356
223
997
295
504
407
381
474
838
15
640
948
766
386
839
470
852
779
611
378
709
50
216
791
253
973
761
357
679
491
296
387
714
644
33
569
51
413
42
240
780
33
187
545
419
378
14
622
156
977
351
217
378
918
7
630
890
119
338
920
610
985
306
675
628
339
243
678
103
637
918
882
669
456
778
439
833
144
412
341
120
762
557
849
31
563
478
272
34
167
192
643
151
849
669
778
539
263
808
994
899
77
875
920
532
5
710
717
148
122
57
619
235
965
467
266
879
296
889
912
462
80
906
964
281
574
93
819
189
900
812
87
328
39
358
212
43
420
928
542
893
336
160
127
652
978
744
530
273
633
794
86
64
699
401
344
625
493
515
813
745
678
251
72
716
609
635
110
28
914
3
272
601
514
750
252
491
494
134
115
478
927
552
893
625
952
589
601
445
103
413
189
132
664
612
848
624
247
309
3
160
312
274
761
825
23
364
316
868
497
782
697
423
334
590
400
285
530
1000
729
984
413
269
115
428
233
962
51
831
271
405
342
934
678
454
758
700
818
425
920
666
207
616
89
892
557
840
176
86
839
257
69
603
877
184
30
109
497
432
291
119
836
633
52
513
438
162
565
607
586
484
273
144
451
713
35
8
552
211
93
390
819
514
345
695
697
374
156
545
158
446
664
993
430
715
858
868
228
774
826
814
609
98
309
59
810
344
418
713
906
863
455
724
376
799
418
424
172
573
968
681
371
983
674
800
698
883
19
277
8
845
90
616
294
399
26
456
94
796
168
999
658
622
722
33
420
491
808
944
64
775
624
786
758
649
937
807
883
956
83
890
152
525
857
797
275
883
252
368
678
772
366
687
745
439
71
165
929
878
460
344
4
435
129
113
436
66
919
318
373
354
208
876
230
416
672
504
298
276
223
327
47
940
13
791
378
83
307
658
312
118
2
316
553
130
428
988
547
699
305
919
404
864
794
633
280
466
488
929
93
710
608
139
1
972
281
378
407
940
387
718
57
388
33
961
870
813
948
416
511
605
687
914
820
480
898
451
297
385
380
389
446
987
879
446
310
512
175
716
803
561
434
859
949
818
820
818
630
119
585
492
75
271
405
895
103
302
345
399
38
76
140
483
414
370
928
724
881
102
439
683
663
224
894
963
42
65
132
23
183
716
867
258
339
623
504
441
277
848
839
314
276
978
797
689
700
76
412
580
178
203
615
192
778
860
154
171
924
285
194
458
1000
60
715
690
682
570
130
958
418
969
624
45
298
420
733
997
495
497
929
24
51
895
215
828
754
368
999
677
4
192
134
356
603
201
45
636
770
175
946
539
143
569
583
792
340
668
141
186
516
421
210
566
315
776
393
420
144
391
96
499
934
581
854
888
133
899
524
255
73
821
145
567
741
80
358
80
747
850
265
262
270
826
827
584
602
571
3
97
962
450
595
247
383
449
135
867
699
10
473
771
182
618
337
922
697
46
1
795
248
617
408
517
795
586
453
396
156
807
844
469
609
438
716
343
238
202
209
936
211
682
58
392
651
394
313
699
792
665
493
39
633
900
907
427
485
359
174
640
518
17
109
126
807
176
820
44
377
28
332
939
61
389
330
63
135
994
761
278
10
253
668
642
504
574
69
988
285
242
980
154
611
440
279
417
615
450
812
343
477
495
281
890
884
962
304
370
955
65
647
316
317
314
957
821
239
377
160
875
619
491
28
581
930
658
997
896
107
160
590
936
655
870
177
890
183
480
259
489
544
905
804
213
570
761
385
808
137
896
683
107
387
62
687
316
720
35
564
826
547
153
113
201
375
289
90
909
769
700
398
312
604
201
876
173
961
260
332
450
156
14
908
542
76
947
209
147
333
124
972
879
629
85
431
355
725
872
263
493
571
660
157
526
213
384
698
525
644
30
974
151
395
234
44
822
180
604
968
512
80
292
391
708
728
173
414
452
45
676
297
967
688
453
493
900
836
542
424
831
923
750
981
318
983
376
139
162
980
459
25
59
750
767
118
477
940
531
280
336
558
576
302
597
28
146
496
216
688
272
398
610
373
379
279
707
106
770
