#seed = 303
66
55
166
860
485
674
283
405
628
620
936
408
373
781
257
474
345
253
277
315
778
358
718
568
432
340
884
991
540
204
686
957
258
204
816
95
229
99
499
856
70
787
615
442
567
871
268
264
476
544
930
253
901
999
820
333
690
56
675
229
611
361
538
220
916
353
314
144
803
813
999
872
599
965
666
517
835
933
780
310
828
61
915
728
60
86
60
749
493
87
330
103
447
867
323
362
571
636
857
374
800
855
597
750
819
262
267
5
546
398
667
373
459
933
453
870
18
864
970
511
950
651
965
396
517
287
109
88
275
965
813
74
171
761
176
341
375
442
698
920
191
364
645
1
296
97
222
665
960
192
175
910
842
140
657
711
778
118
150
404
434
962
478
605
74
5
297
448
798
994
720
988
709
364
341
356
812
562
21
123
105
547
384
947
38
41
9
816
510
158
219
943
471
48
547
544
52
196
344
849
189
63
189
898
426
881
605
589
442
625
711
899
172
447
845
561
487
205
376
348
362
947
290
184
346
189
79
750
384
422
950
572
484
138
821
261
18
426
849
812
402
912
710
925
358
906
486
196
110
213
543
823
159
184
358
505
372
436
606
107
858
555
31
693
693
851
954
62
628
154
225
382
65
934
306
774
191
143
321
652
356
215
826
866
399
183
722
122
619
327
229
828
882
259
520
574
461
473
987
441
979
212
822
395
497
479
169
688
622
841
339
977
56
165
842
454
699
564
927
317
242
155
496
123
413
16
48
226
840
35
666
818
246
487
565
94
965
733
781
938
925
472
266
980
988
108
785
686
23
712
355
616
218
850
739
983
217
786
208
409
820
873
578
417
711
142
511
27
226
643
965
151
114
230
130
453
689
267
139
63
978
493
679
195
694
769
177
263
554
736
671
374
960
600
142
670
742
4
49
967
647
13
469
112
594
599
565
635
865
55
697
194
899
727
740
592
495
269
206
401
4
228
126
964
828
267
985
569
271
33
887
269
45
356
380
991
306
296
625
522
350
673
715
248
752
454
192
598
722
397
998
78
625
123
41
452
390
377
372
12
410
258
280
806
965
11
796
270
659
772
791
8
797
857
256
548
663
447
145
736
843
143
813
819
265
205
270
6
582
993
369
991
603
1000
148
567
11
944
189
669
67
331
28
863
540
283
410
202
81
907
937
276
49
750
94
665
954
716
23
887
708
391
229
662
391
377
229
753
320
769
773
386
451
800
601
990
435
362
191
867
268
128
142
668
229
588
685
534
655
707
421
714
449
649
376
839
25
956
943
696
76
715
434
526
867
386
516
653
747
58
519
15
537
13
682
765
952
366
651
958
424
423
671
873
423
398
63
800
353
6
495
780
72
280
306
290
665
173
942
412
230
813
778
119
177
459
235
128
177
885
85
600
307
107
824
82
505
887
881
209
892
375
989
315
7
646
605
23
818
898
434
399
710
211
517
238
22
752
717
550
988
801
149
295
260
325
376
764
211
256
324
454
982
664
768
340
309
372
363
478
270
148
877
331
359
393
921
732
496
637
281
484
790
781
130
49
105
857
164
315
464
487
768
445
151
888
137
811
259
499
289
880
646
165
563
356
909
483
87
757
119
719
240
908
500
721
956
604
577
471
271
40
958
390
836
460
277
972
622
536
822
910
767
820
426
329
527
687
163
966
443
282
684
34
189
183
754
497
139
330
319
409
369
276
798
556
87
75
528
61
962
701
970
80
520
748
409
47
434
571
12
228
204
695
261
745
230
14
593
368
695
911
128
415
539
925
970
625
351
497
37
664
198
7
744
69
106
504
467
539
74
478
766
630
525
378
374
106
391
966
473
437
876
600
851
414
876
820
391
227
669
427
242
218
785
985
286
890
488
753
780
914
582
897
543
458
274
268
563
16
585
387
452
812
986
302
578
214
122
968
792
790
746
33
7
883
18
644
124
857
748
904
122
330
152
16
139
426
283
54
441
867
440
893
679
778
194
256
991
667
575
782
456
672
814
814
906
183
458
30
392
205
285
513
886
436
529
377
213
163
430
654
382
869
898
412
646
443
667
988
110
593
769
917
616
935
731
522
469
540
903
212
96
539
725
334
326
605
62
539
119
491
544
500
711
441
911
709
883
929
696
992
873
817
261
489
751
343
362
571
882
264
783
329
154
859
14
479
815
75
17
933
917
560
433
628
352
695
336
235
624
31
578
848
847
838
336
949
180
697
872
413
312
654
742
465
864
107
944
678
534
312
610
450
224
394
77
575
441
412
809
64
795
387
911
993
576
599
294
756
295
165
168
959
170
261
423
33
368
366
62
901
30
23
702
253
417
779
827
857
542
988
272
688
726
534
681
301
132
326
56
779
490
576
737
11
836
511
395
555
877
456
807
258
478
509
510
246
639
336
454
180
675
725
868
400
611
900
701
94
225
108
224
66
35
960
76
223
823
822
777
51
629
936
308
458
796
817
56
434
504
509
613
179
234
832
930
196
731
982
289
955
90
513
372
476
824
447
698
646
620
827
696
248
762
355
58
909
171
113
342
675
621
306
205
206
490
134
401
220
116
42
527
557
554
898
32
729
697
730
375
316
908
422
916
21
777
973
929
299
437
622
973
57
279
529
263
768
663
15
340
130
56
866
686
961
115
69
690
811
150
64
479
57
837
746
77
613
70
357
912
506
978
236
914
257
117
176
376
131
543
715
260
950
932
297
911
47
717
600
209
867
15
39
275
203
784
352
168
205
60
431
710
390
666
624
646
134
151
373
264
45
88
523
995
19
171
257
65
888
856
626
754
222
664
380
424
800
731
591
4
143
21
66
532
39
41
529
172
543
901
788
940
988
662
934
359
833
190
423
72
397
400
177
970
416
556
745
215
639
688
570
781
708
987
312
98
379
840
622
274
92
409
213
80
70
146
438
254
687
212
325
435
612
853
404
379
409
148
593
47
835
514
179
895
853
842
344
231
681
317
504
772
725
716
203
147
213
992
752
251
204
429
685
167
281
440
545
41
940
489
87
126
354
617
372
206
458
716
437
490
32
292
614
109
8
816
607
572
808
358
823
363
138
859
881
771
651
425
811
590
265
898
715
618
866
439
824
324
154
612
813
537
903
426
645
262
242
603
186
401
313
360
763
450
218
995
220
868
419
31
809
35
280
876
652
145
314
827
468
467
438
633
355
341
58
352
954
299
954
139
51
266
498
165
68
68
159
639
287
929
21
96
963
300
971
615
797
284
441
616
102
231
248
808
571
658
159
876
956
113
15
359
730
864
523
797
931
34
436
218
962
456
313
925
108
635
891
256
270
683
223
723
913
823
530
835
480
689
711
787
153
77
145
882
940
20
31
871
53
818
440
14
625
104
290
84
738
180
691
359
863
914
81
775
736
962
610
567
2
672
353
506
748
850
388
39
869
770
909
273
939
700
286
563
803
928
999
892
107
689
250
321
602
682
448
689
996
409
255
997
80
960
503
179
809
242
217
677
363
478
301
301
177
586
863
332
865
861
223
972
902
825
644
855
858
91
544
853
499
150
850
930
109
704
108
269
297
325
297
659
802
597
959
330
535
173
661
399
386
884
722
287
60
366
141
917
808
36
770
307
538
971
588
646
26
48
267
322
372
563
980
525
160
290
206
694
814
867
92
199
102
814
837
161
179
330
77
986
717
846
644
254
168
584
252
193
631
518
514
354
80
845
230
239
134
435
932
300
653
376
850
754
189
39
914
719
368
343
704
436
188
700
690
356
635
293
548
265
810
414
970
241
258
199
480
744
633
763
395
286
138
244
391
326
282
657
44
1
999
100
437
186
151
478
893
785
770
793
401
931
558
370
171
167
568
2
910
552
765
304
189
254
900
580
932
181
236
327
534
234
778
322
771
928
799
16
64
920
160
816
202
69
185
724
235
104
726
145
656
842
800
196
95
51
127
378
584
714
705
117
947
482
790
70
762
940
437
825
859
948
993
412
16
177
135
250
633
860
746
640
53
898
835
500
948
962
877
883
675
581
999
974
63
788
395
176
727
183
352
937
130
344
700
497
521
835
746
505
46
844
144
99
741
978
950
40
291
826
923
966
407
273
291
821
413
37
996
491
219
347
780
348
43
479
844
915
665
941
419
711
784
562
161
876
539
110
268
830
287
190
147
45
814
789
865
226
825
212
69
43
911
848
742
953
678
937
867
343
229
285
405
365
846
917
240
736
378
507
917
664
48
415
709
214
203
925
791
379
137
859
773
47
58
514
999
736
802
217
430
31
853
834
395
50
750
986
785
127
493
54
142
892
820
850
457
23
775
248
753
263
458
526
309
516
391
659
603
193
875
32
223
79
217
969
128
966
954
912
444
798
317
585
42
137
787
498
511
913
745
263
175
555
788
483
422
531
493
24
723
719
407
297
797
623
265
924
940
218
187
735
16
504
671
57
640
457
906
502
369
651
764
543
557
904
377
978
434
869
1
156
939
759
804
735
381
68
658
672
285
197
406
652
700
76
60
691
885
966
192
253
968
307
148
524
210
524
501
995
745
853
502
683
611
305
770
343
372
779
14
9
975
771
660
674
846
72
716
730
37
259
335
356
566
834
879
775
709
731
122
453
583
623
488
545
928
257
887
651
35
252
659
362
22
671
387
867
742
103
949
130
361
635
485
926
468
363
53
176
93
174
981
27
148
820
571
75
428
809
726
814
60
736
175
81
406
562
299
499
16
599
628
376
233
112
654
52
474
58
580
918
583
912
944
730
731
866
157
510
674
234
323
733
969
498
165
727
411
464
225
426
62
853
153
647
964
806
50
790
215
629
707
797
892
3
527
974
220
683
483
894
916
806
978
236
655
495
962
417
958
187
842
371
391
994
369
354
152
419
143
366
399
202
515
291
204
41
264
423
75
747
668
342
904
998
577
910
492
539
326
801
77
167
171
467
512
892
172
15
310
315
733
708
516
247
350
71
287
614
493
361
712
513
54
615
510
630
524
1
520
849
801
948
367
323
414
230
214
586
245
523
252
977
583
119
223
932
189
861
897
33
573
608
545
626
574
54
607
97
406
127
297
206
74
15
881
840
245
94
777
841
969
380
169
551
498
391
834
686
603
731
70
175
690
615
152
264
20
758
360
426
236
9
983
662
375
863
853
971
309
629
811
277
8
979
179
857
721
12
894
675
94
963
201
784
577
352
47
949
462
758
374
697
118
708
358
493
571
210
463
879
190
626
507
549
956
685
405
29
696
650
703
142
613
904
925
541
607
323
489
68
432
862
765
550
922
474
394
492
684
208
722
225
833
228
774
141
912
530
169
959
180
871
100
792
126
376
332
733
50
173
800
482
34
564
383
307
390
128
798
73
335
871
649
520
450
422
660
713
304
180
24
483
402
475
626
528
851
309
260
252
481
411
733
867
327
467
173
716
594
323
140
281
545
788
800
995
210
811
59
865
990
82
699
391
557
324
918
759
984
529
10
817
292
743
683
618
561
207
333
155
529
472
435
74
611
586
420
172
748
478
36
737
560
734
479
116
409
749
874
393
277
235
209
920
329
243
537
890
449
221
396
330
44
182
755
655
767
174
826
514
3
862
602
562
595
80
29
356
828
254
748
457
489
308
376
817
550
265
58
998
485
453
327
529
634
433
183
752
606
360
617
609
221
218
522
168
650
903
523
477
508
622
285
348
929
661
517
478
277
574
827
761
27
506
641
12
938
823
764
896
183
380
856
755
598
729
922
247
631
796
75
491
417
712
838
697
724
354
174
1000
280
353
760
306
210
401
317
147
575
432
394
109
812
249
216
761
978
489
7
960
285
433
802
53
144
640
750
867
345
275
866
624
979
978
281
188
730
950
687
304
381
80
765
544
681
980
304
658
468
662
969
752
95
771
157
590
762
906
809
458
532
674
434
511
3
714
698
732
15
384
388
748
816
152
291
496
483
595
505
950
256
825
54
702
595
210
644
708
467
452
166
998
477
599
508
480
664
558
563
679
293
950
426
108
453
68
603
935
662
459
885
270
284
290
323
878
499
966
938
965
769
103
314
246
53
174
77
716
731
991
746
23
293
523
131
745
591
85
32
604
544
268
873
827
557
548
56
407
513
993
723
634
447
36
879
851
209
307
919
291
297
664
314
589
187
796
686
129
232
717
732
775
984
605
953
540
152
361
298
16
705
20
649
504
55
879
354
616
185
272
906
834
288
571
774
826
718
811
954
950
527
685
76
862
641
381
753
144
741
50
160
445
69
160
948
476
39
654
91
575
277
348
760
564
919
534
389
636
344
342
937
223
379
13
84
19
745
189
163
485
238
674
281
307
833
581
134
223
234
224
798
862
571
557
426
489
442
166
477
138
860
413
712
238
777
147
608
521
335
770
357
573
795
638
231
628
570
364
850
803
939
999
16
509
908
441
350
701
959
178
190
818
942
901
407
71
48
14
591
734
136
300
658
930
937
888
557
858
603
759
660
541
757
27
402
16
468
103
717
778
632
906
595
573
807
353
643
206
366
586
939
501
237
597
431
525
836
339
382
791
97
41
683
206
419
436
221
238
538
937
15
169
195
961
94
353
313
88
558
679
673
848
531
261
796
313
785
984
652
166
774
100
558
456
657
977
892
878
214
781
166
229
302
712
189
395
64
854
834
973
884
859
821
766
119
968
79
904
951
82
69
724
533
627
532
190
603
775
419
816
555
936
396
208
648
937
954
711
790
788
36
25
646
856
790
764
175
868
667
126
301
736
201
834
714
732
23
316
506
441
483
413
728
879
620
375
167
574
438
956
713
473
332
358
680
121
121
854
341
140
979
641
875
532
474
588
263
496
255
121
288
737
885
16
967
856
742
133
781
179
440
493
651
771
850
330
892
323
184
232
462
514
224
688
45
698
627
660
545
233
780
185
321
16
552
288
871
293
772
4
472
212
496
474
334
698
804
577
372
339
160
185
852
384
872
249
81
850
908
977
82
39
513
754
406
64
41
276
357
165
631
180
376
479
653
709
176
808
286
899
146
797
83
350
180
306
950
612
507
857
589
940
247
101
693
652
517
734
279
873
898
910
404
625
388
56
685
915
216
322
813
361
119
247
62
298
552
11
262
58
219
850
997
465
302
689
116
170
774
395
42
23
656
445
999
43
853
684
309
68
357
121
780
475
719
194
125
270
204
386
679
775
587
27
239
240
67
707
410
841
453
803
215
108
600
214
502
452
897
810
871
605
282
650
80
1000
195
204
621
399
941
299
173
527
677
763
118
743
469
527
935
273
330
150
380
929
363
233
732
611
42
602
215
675
603
646
26
798
201
646
548
141
296
72
19
972
186
137
715
7
15
649
279
344
150
659
624
864
243
355
474
637
308
41
311
263
686
337
60
239
334
959
731
630
30
750
601
567
238
667
573
604
668
852
948
817
862
923
681
104
630
506
740
937
898
51
199
936
739
610
174
72
568
904
701
949
5
654
868
594
672
440
198
691
291
497
508
152
419
540
608
48
397
347
337
295
749
887
582
839
497
755
911
416
10
963
717
15
968
584
960
640
23
157
330
666
653
189
817
72
80
776
471
829
123
807
123
223
694
704
62
542
810
324
309
819
286
25
185
606
608
145
597
983
301
926
648
306
467
816
729
898
592
199
726
66
358
848
640
403
903
53
944
64
376
604
883
14
629
67
619
588
563
215
570
216
492
569
521
958
737
249
208
680
447
933
97
156
781
736
558
35
789
853
99
516
457
333
529
437
751
499
24
314
713
946
529
557
866
401
866
602
649
73
281
447
6
377
603
138
465
512
524
605
717
622
120
525
954
1
961
57
499
336
370
564
633
250
472
499
650
337
452
650
410
733
96
767
461
50
904
277
562
427
881
630
401
353
154
706
353
466
762
203
153
483
118
786
84
589
636
85
926
87
734
687
171
830
453
984
879
708
260
792
486
493
421
238
845
926
296
549
743
409
751
896
892
221
33
327
809
668
412
86
106
497
772
629
326
576
612
557
635
223
700
473
715
473
710
911
398
5
459
141
414
562
388
657
782
420
335
942
439
98
28
544
595
799
172
272
727
135
180
713
358
880
185
424
352
247
335
101
251
145
241
16
58
980
24
839
399
711
133
837
808
160
733
402
310
256
26
36
391
205
749
100
436
285
523
787
531
209
888
134
706
480
149
763
460
525
954
210
235
86
399
394
245
131
148
554
738
173
942
128
729
42
227
165
326
102
303
209
310
542
342
367
374
842
130
833
718
83
394
952
168
792
698
764
274
845
317
12
369
610
139
97
651
718
613
329
171
268
537
832
809
230
199
182
71
328
366
789
410
760
92
929
903
141
692
177
985
360
188
353
970
678
802
972
747
766
652
917
33
540
749
842
769
947
375
192
626
93
332
387
204
775
315
106
916
358
634
252
717
173
605
38
851
758
362
949
523
365
866
556
905
614
749
25
912
475
568
537
567
899
923
770
26
589
228
941
298
861
192
366
386
148
404
236
257
117
184
780
481
401
687
737
366
787
762
629
261
329
165
828
580
439
949
605
379
528
897
676
741
440
42
126
588
797
713
844
913
248
975
745
649
13
482
14
799
595
643
60
275
159
239
854
950
539
810
680
67
58
708
807
498
749
284
437
897
996
632
161
243
607
905
243
619
738
609
770
332
603
829
607
761
419
812
62
957
974
94
23
383
801
181
880
549
464
668
797
459
300
957
54
258
213
296
228
951
904
349
634
506
177
592
619
595
756
32
552
729
125
926
463
925
459
695
825
922
362
621
733
13
577
786
622
142
433
202
92
337
550
77
194
79
669
812
673
424
196
576
504
320
854
966
597
312
12
421
585
374
42
317
738
970
454
360
111
887
913
554
223
462
631
768
540
651
932
565
426
127
492
929
798
697
246
394
8
258
815
945
983
856
261
720
177
715
431
288
601
343
841
175
157
471
942
696
473
873
612
898
351
456
178
149
152
424
542
512
33
356
456
367
563
68
438
740
134
869
27
734
211
219
260
367
42
554
415
514
778
378
412
129
833
589
277
337
364
170
200
748
878
655
114
440
74
552
531
208
772
557
293
982
128
553
701
169
106
467
34
883
844
445
363
29
386
991
365
101
161
564
849
38
570
314
829
995
865
360
202
988
916
495
970
395
399
22
915
856
840
949
738
683
745
453
711
130
443
427
231
603
342
431
992
911
744
821
906
961
180
459
948
447
953
269
842
703
290
756
558
129
704
648
164
449
100
226
930
542
653
512
497
346
942
488
609
686
660
866
646
839
324
593
638
629
862
479
331
503
586
889
632
642
888
147
90
987
372
371
880
376
883
376
722
824
216
330
509
227
195
506
66
870
99
703
498
960
533
181
462
118
421
445
759
308
591
200
294
315
923
173
42
805
901
763
980
468
444
841
694
990
346
111
860
796
165
709
755
49
889
569
519
309
365
277
616
956
829
261
622
103
786
663
259
686
778
238
505
221
430
198
563
776
661
774
571
177
834
678
226
75
598
744
383
962
372
351
269
552
963
890
654
748
905
912
433
682
150
937
254
931
487
816
706
499
941
629
675
775
658
900
849
255
995
583
216
367
285
837
918
248
726
572
995
630
483
780
663
984
68
917
915
906
84
972
404
377
952
79
151
609
330
351
215
325
285
783
691
570
619
960
169
696
531
163
678
366
294
340
701
362
608
615
267
692
939
23
68
890
101
570
851
782
272
65
106
908
847
148
477
817
108
997
513
990
512
542
355
805
233
408
518
841
22
137
532
312
159
951
202
611
872
404
392
143
468
850
50
667
349
879
483
808
227
347
798
738
240
504
895
473
911
412
313
285
548
196
596
58
498
149
668
369
552
60
863
372
261
264
38
609
494
872
417
721
571
566
458
810
421
704
282
332
116
946
968
15
141
563
73
990
712
92
358
615
503
572
986
763
836
23
724
329
247
492
49
817
57
859
978
477
562
612
160
29
557
127
396
50
42
820
39
753
911
749
719
414
320
705
176
507
79
251
836
677
742
236
493
150
446
823
627
8
434
138
388
990
265
783
391
658
954
782
762
865
530
480
278
201
536
805
60
615
56
895
291
149
482
136
299
928
310
277
287
743
414
674
84
30
809
475
687
762
608
448
978
137
280
255
689
815
412
748
781
819
994
424
967
476
559
617
755
220
893
41
962
659
66
397
40
226
223
79
988
830
878
965
318
157
572
7
972
335
106
752
153
100
175
471
927
85
440
33
304
684
73
617
342
490
366
734
716
588
812
55
418
689
19
87
198
942
445
169
276
551
272
780
2
799
603
280
883
42
312
539
77
384
507
419
225
872
504
940
812
315
994
581
355
365
667
552
306
112
72
934
14
696
713
15
494
667
294
728
60
957
618
137
692
125
555
916
348
410
856
159
76
201
739
430
565
758
334
223
221
757
156
234
452
220
600
945
887
245
25
946
201
642
82
892
118
988
807
818
749
14
976
824
567
67
254
131
176
939
705
396
695
212
629
499
432
228
795
670
824
819
967
24
813
401
915
930
740
73
747
489
87
75
312
653
493
917
135
668
855
192
63
902
403
43
400
834
622
194
855
445
13
822
468
825
222
734
106
961
806
205
449
244
279
113
896
771
29
383
438
884
574
852
785
976
894
536
162
515
729
16
311
93
189
778
269
410
511
727
723
668
931
523
912
209
635
159
331
664
541
120
899
466
323
35
794
216
570
955
82
650
322
392
95
511
521
363
272
383
89
346
50
371
869
313
931
503
472
261
518
364
732
416
830
54
802
623
621
371
929
54
373
250
797
467
112
317
181
384
699
270
729
101
992
597
413
923
452
236
535
321
600
619
89
781
672
890
755
645
613
683
698
985
284
847
451
396
163
631
779
214
252
507
666
244
456
430
518
259
666
404
931
617
22
19
397
46
261
151
690
873
185
739
857
468
585
659
863
100
641
641
313
893
500
330
488
307
759
357
917
424
760
199
40
782
218
788
827
830
938
868
702
474
958
910
942
895
568
156
994
208
149
658
452
1000
987
291
306
745
647
574
521
407
772
560
540
341
348
718
170
637
585
223
463
894
132
404
788
51
911
781
611
59
790
62
58
776
353
715
873
351
288
393
757
412
304
296
104
3
13
626
992
949
848
454
843
332
209
982
382
119
763
992
530
904
406
587
680
110
302
904
460
941
296
569
704
951
216
808
954
581
433
945
881
632
750
75
963
310
57
345
428
171
688
309
74
445
896
753
554
549
656
366
489
303
286
545
254
501
352
559
433
136
855
314
119
604
388
82
913
444
778
692
966
465
1
40
262
248
792
167
796
800
532
636
454
169
180
59
22
883
617
454
18
471
119
137
426
507
570
690
302
347
734
268
163
86
659
424
333
802
591
480
601
474
