#seed = 1201
607
518
177
760
83
299
373
195
510
579
69
825
706
51
421
148
822
84
679
876
974
687
510
761
463
412
609
624
953
620
864
559
138
392
318
572
690
43
766
199
973
186
375
30
589
148
529
762
583
207
637
908
894
146
20
356
557
629
331
509
600
546
419
89
937
89
12
978
131
778
529
103
315
255
484
255
402
12
16
337
218
652
596
111
150
616
819
706
244
501
567
195
399
985
284
335
73
295
665
555
424
193
9
91
447
492
345
201
503
361
889
73
364
484
535
513
99
705
571
694
206
137
889
604
473
524
290
898
818
954
804
594
498
813
684
945
656
380
497
511
740
385
583
456
868
469
968
319
174
538
12
731
26
252
334
499
775
975
748
945
281
551
538
778
363
221
74
371
600
570
233
692
306
167
499
526
635
466
844
808
356
207
538
733
811
223
231
585
550
978
529
830
529
66
959
243
638
33
965
590
954
197
633
260
363
131
785
350
948
980
157
303
538
47
388
348
621
618
285
170
948
813
351
828
231
310
422
220
342
739
809
295
935
793
906
650
923
42
999
871
373
507
525
911
553
912
610
526
882
894
695
181
707
46
360
289
707
781
508
48
871
669
694
806
461
600
807
736
993
805
606
366
663
482
276
216
394
237
741
627
131
787
807
189
184
518
477
890
650
336
937
521
4
983
326
817
934
484
552
926
640
509
291
302
990
918
869
735
155
961
361
285
748
519
825
283
36
301
173
686
988
461
206
344
443
883
160
728
366
63
654
5
571
944
658
560
214
527
647
368
487
7
4
586
878
828
869
913
480
41
950
467
853
507
810
296
389
321
23
106
383
28
462
305
324
120
865
537
646
863
904
484
869
259
70
98
86
938
363
917
978
312
383
182
171
545
477
911
217
852
17
600
231
830
256
554
301
120
90
946
334
345
782
203
603
851
652
40
788
14
956
117
326
691
298
848
587
127
758
803
330
774
402
560
956
658
114
256
129
555
554
815
252
335
17
206
185
20
246
324
34
553
792
711
595
441
558
181
567
315
984
248
441
737
160
396
746
273
651
227
179
204
41
430
890
409
636
426
428
233
749
461
785
540
523
732
333
80
912
251
395
247
499
835
984
658
582
81
282
584
307
460
140
699
242
29
107
877
455
887
109
555
699
245
447
222
976
779
301
240
29
47
486
527
233
821
536
814
902
817
398
560
629
537
611
870
917
69
746
371
955
206
926
654
450
372
875
778
150
527
369
530
574
854
57
806
27
592
972
280
761
721
191
389
257
801
258
173
870
355
896
176
560
173
829
361
544
55
138
45
582
506
574
507
712
982
664
90
926
635
369
38
355
559
426
963
712
35
488
933
741
383
108
300
555
289
12
450
343
150
846
276
7
771
134
70
105
798
159
30
784
879
67
139
790
844
101
501
230
940
433
970
322
892
621
228
180
632
29
523
133
226
150
492
997
284
561
101
433
72
482
216
302
900
354
91
95
807
943
324
746
727
645
420
619
265
999
798
248
380
672
381
605
822
872
953
457
784
405
889
207
886
456
509
785
810
951
231
968
894
554
65
620
550
836
590
814
835
388
62
566
411
794
522
584
665
475
40
800
879
280
7
117
736
867
253
897
817
484
216
710
37
280
682
587
116
623
752
302
10
165
219
773
958
740
356
974
214
748
774
445
27
132
561
114
998
813
362
814
296
577
876
685
857
557
623
324
179
726
977
541
891
195
665
848
934
20
174
500
767
947
944
146
78
856
611
75
668
973
240
316
901
115
352
109
671
326
432
202
51
760
94
941
954
758
141
240
129
314
739
248
612
34
393
41
889
355
115
908
679
354
575
580
821
278
688
843
603
472
44
654
231
489
594
537
598
86
776
79
751
866
326
362
899
70
402
139
424
868
398
103
574
325
34
394
602
721
236
205
544
632
858
127
472
803
663
422
241
790
500
991
655
177
705
905
246
458
395
21
678
144
475
603
468
508
348
422
581
935
626
124
918
835
602
390
989
264
163
229
405
14
572
411
190
276
315
435
85
61
807
762
557
282
364
376
789
711
797
721
646
774
197
563
608
798
304
949
62
466
177
818
479
748
229
20
375
895
454
460
956
613
573
864
894
289
239
34
999
36
755
996
809
951
911
769
748
566
717
161
384
245
331
214
345
559
234
71
453
39
882
760
651
455
623
544
743
862
930
93
249
684
441
409
986
703
529
85
268
597
598
651
842
928
217
538
486
450
608
290
488
842
402
491
296
24
34
390
237
315
834
837
350
274
246
335
976
774
772
596
723
721
598
564
648
814
453
485
263
412
126
103
253
527
593
900
903
978
289
139
293
123
976
642
748
573
329
76
698
452
671
420
172
620
335
171
434
787
655
48
199
132
150
803
659
94
703
561
72
991
51
716
465
378
709
565
950
389
640
648
840
662
419
363
281
754
533
714
892
539
762
90
671
263
893
681
357
595
241
780
937
291
847
754
669
907
318
970
296
309
969
487
970
388
850
602
493
382
316
384
273
429
826
943
43
70
623
399
16
215
530
952
857
376
57
877
635
726
847
930
34
167
768
355
906
617
957
398
351
624
134
623
52
959
917
446
28
539
197
43
105
726
346
961
454
403
190
88
128
388
369
514
554
136
868
812
105
824
209
455
447
694
77
850
652
993
296
31
883
844
73
339
569
771
651
374
525
840
813
4
579
533
517
485
21
385
296
125
560
856
579
359
550
7
208
201
351
855
232
585
698
656
923
619
426
573
344
302
765
509
306
343
41
174
827
61
910
122
185
470
978
115
180
879
121
387
79
823
594
662
407
643
318
681
261
95
254
957
749
370
465
54
712
857
579
891
918
489
364
454
310
693
921
489
571
41
227
2
216
820
663
622
463
332
303
75
779
908
31
527
629
847
932
692
704
510
582
973
350
298
426
11
990
346
851
561
739
78
562
306
249
576
927
63
908
581
138
686
840
520
564
468
367
495
160
70
356
93
394
58
390
819
68
380
517
271
292
607
348
853
912
948
428
190
11
687
123
500
372
962
371
287
430
737
781
941
158
489
33
903
546
423
722
965
802
590
235
445
548
934
297
459
234
76
1000
596
763
122
447
486
84
817
773
865
906
905
157
415
393
189
318
290
963
391
607
116
980
193
560
527
479
208
337
712
284
336
659
398
810
105
883
893
921
7
109
826
264
617
241
656
157
910
298
120
300
256
587
279
448
147
157
278
706
845
341
989
180
999
386
989
103
621
233
24
979
693
201
242
661
793
250
818
702
899
289
1
154
875
631
953
373
139
231
79
983
571
67
515
570
805
855
24
777
440
399
755
484
600
349
145
744
598
962
798
496
250
150
1
476
781
953
849
271
183
927
606
106
345
120
675
501
326
698
277
117
449
384
601
48
84
745
143
681
58
940
528
659
90
528
134
222
480
982
492
15
260
449
120
605
920
794
105
246
843
734
362
643
117
314
690
200
58
185
232
467
124
759
125
213
638
611
786
117
944
630
131
204
78
250
808
998
395
264
595
590
997
308
232
465
622
274
16
31
458
247
498
933
357
974
498
994
584
283
463
528
264
593
731
342
195
890
691
589
153
285
530
502
592
114
966
213
387
982
244
196
580
93
480
937
66
977
282
650
612
744
529
875
689
611
216
883
500
906
823
4
542
353
505
134
818
471
698
556
804
941
751
383
33
230
671
451
559
305
100
170
48
980
396
88
590
964
970
441
869
145
444
763
849
301
896
666
771
945
221
926
886
971
308
270
552
331
72
462
987
171
631
386
502
379
474
91
342
443
883
562
587
327
324
787
627
571
452
749
516
672
674
753
994
333
374
898
15
446
359
1
968
342
387
470
720
212
912
61
654
795
622
593
473
946
379
451
516
183
551
383
854
576
135
848
908
509
97
275
954
455
627
921
796
365
390
867
576
654
927
582
448
901
174
272
846
904
722
713
438
624
96
292
199
582
491
458
90
587
732
43
393
711
316
189
75
57
55
651
710
334
232
509
234
757
132
431
12
205
143
450
828
590
741
26
172
583
484
613
521
567
8
913
277
323
453
704
731
860
354
793
193
585
301
426
693
433
208
704
637
702
153
817
292
245
842
815
179
677
779
699
596
786
964
224
460
416
927
191
275
280
983
819
216
635
596
908
419
803
964
408
505
116
224
148
713
417
962
891
446
92
942
41
878
905
264
689
320
543
231
947
822
565
765
390
200
361
297
970
163
260
377
19
728
952
166
792
369
479
682
814
571
975
206
800
879
821
488
551
363
719
497
185
283
613
574
834
325
222
804
488
834
180
858
913
132
24
704
852
854
737
17
424
712
222
223
590
42
63
492
405
781
988
941
415
953
866
249
277
439
404
116
272
583
974
536
66
349
239
269
202
976
285
626
39
858
200
980
900
262
472
656
42
811
596
809
763
813
57
40
251
460
507
875
394
480
410
812
828
1
432
30
328
717
7
366
574
206
345
825
820
816
480
213
979
427
21
741
239
429
132
842
240
991
716
986
470
125
797
650
125
228
31
452
296
37
169
222
594
514
46
413
681
878
626
11
656
646
104
247
427
587
88
666
577
803
651
47
279
799
48
756
379
78
559
674
466
728
247
411
593
645
824
625
522
801
636
529
798
739
775
224
677
862
242
254
16
892
652
647
43
699
402
421
128
312
446
945
39
693
355
983
337
530
608
210
330
595
90
480
685
865
703
361
78
296
614
446
188
265
92
230
315
845
2
442
156
447
386
547
491
93
529
179
622
488
740
304
434
830
783
118
46
837
479
475
133
444
920
672
61
363
253
375
559
254
169
67
700
906
613
543
998
493
721
972
981
461
627
414
642
761
884
687
597
714
161
81
157
433
752
569
147
356
944
706
609
464
772
661
369
736
203
719
228
275
42
560
735
668
974
376
428
209
414
376
922
575
457
430
359
560
999
505
916
294
210
524
757
333
536
125
68
738
195
296
13
236
855
99
255
180
827
682
388
240
58
661
166
866
91
876
425
89
381
692
382
942
568
490
275
103
966
342
193
161
989
557
748
844
655
3
375
833
36
115
425
93
127
590
310
217
466
735
657
198
778
390
139
345
879
413
800
197
107
992
357
95
548
456
290
554
458
17
387
494
131
811
938
609
752
248
826
569
334
834
766
111
576
257
808
806
21
607
2
127
598
358
574
145
814
215
50
623
231
436
116
713
598
406
322
350
653
499
918
986
684
36
448
259
292
255
65
312
861
66
791
458
424
364
954
589
930
4
563
161
791
31
225
389
436
898
738
88
748
7
425
432
42
872
690
333
479
754
645
339
820
435
149
595
150
102
535
79
457
97
591
248
127
168
636
914
65
725
1
813
731
777
244
773
1
285
105
479
39
101
817
210
887
317
804
388
419
690
819
875
786
409
474
265
576
109
178
993
833
531
157
564
307
752
688
659
36
144
137
74
597
306
635
483
622
438
223
392
479
41
619
265
801
92
881
729
553
410
73
737
940
229
652
599
980
339
257
367
483
394
793
431
51
427
913
24
217
487
768
695
527
386
311
680
829
191
408
733
601
480
470
540
60
121
490
39
812
747
757
646
492
549
76
894
976
340
917
192
827
684
886
705
421
549
384
250
739
143
982
691
622
803
583
681
924
72
71
87
818
180
732
661
728
807
554
55
146
823
246
324
506
484
29
927
384
764
528
122
907
861
813
880
664
395
913
939
818
335
25
636
514
756
648
242
914
202
296
411
24
894
735
881
729
115
159
112
878
38
585
784
899
749
16
562
143
928
500
313
262
876
948
776
983
947
369
896
148
16
306
523
261
392
756
341
506
914
804
384
952
389
519
202
137
534
763
632
813
614
944
75
489
243
202
823
189
922
718
689
937
375
563
198
119
318
890
624
584
694
359
887
82
230
88
570
115
202
201
928
167
496
354
7
90
907
829
279
828
898
319
764
624
233
313
742
903
203
718
838
248
76
724
329
657
163
898
772
716
451
51
882
298
404
888
388
310
716
18
489
965
688
604
588
920
917
330
822
471
47
659
718
474
734
398
131
896
647
254
963
449
304
844
747
59
731
134
368
798
151
208
762
838
811
350
109
79
31
931
549
77
941
618
550
27
367
32
922
14
285
885
462
588
80
560
646
811
693
365
960
195
572
722
384
383
423
493
813
453
775
362
881
715
331
782
741
50
814
15
415
98
251
876
38
330
436
35
492
480
752
804
675
675
877
58
409
299
902
222
103
676
935
983
743
617
764
483
666
929
849
80
379
451
308
416
133
95
802
976
574
553
779
600
580
655
10
988
305
911
209
407
587
143
741
329
760
505
163
777
785
364
857
163
814
164
930
298
258
732
274
183
636
52
783
215
59
792
555
363
54
115
122
640
258
862
320
369
718
835
145
503
198
353
665
363
516
595
661
125
678
286
308
665
337
442
232
747
585
786
110
638
900
231
630
509
444
949
229
162
135
726
664
684
78
680
399
946
274
59
70
303
696
729
968
32
170
199
779
754
336
240
392
587
822
373
96
265
321
324
778
808
49
793
491
479
473
241
424
98
651
845
401
346
574
720
730
95
270
508
849
957
99
592
543
272
964
990
536
636
666
666
795
66
458
638
544
930
878
967
380
529
812
132
874
737
851
603
831
472
462
31
428
912
974
970
183
289
312
71
277
977
736
71
42
193
708
586
475
586
904
854
466
67
985
339
803
187
294
986
658
755
16
437
667
990
406
849
630
69
919
906
45
6
977
439
199
36
24
25
973
279
878
438
698
214
777
500
400
422
837
409
176
853
845
194
194
602
395
175
671
665
81
715
671
57
505
221
444
528
245
417
159
474
854
856
687
982
707
438
403
544
846
579
748
690
124
293
643
518
467
313
183
899
380
205
307
884
425
751
764
669
167
274
494
20
481
532
2
187
969
756
82
166
686
181
207
810
825
849
679
292
514
213
190
893
417
497
128
841
599
243
861
765
516
706
136
996
237
489
535
205
245
616
722
930
149
928
91
973
129
770
616
642
982
158
886
399
654
365
591
252
608
804
368
123
509
503
119
746
992
653
302
588
620
24
517
768
303
960
93
783
729
708
776
62
865
661
812
870
26
403
473
985
558
840
107
66
695
577
163
686
581
465
625
201
840
493
320
494
452
412
629
532
472
404
594
336
417
405
206
794
159
678
778
68
870
236
134
564
813
648
601
393
464
225
945
303
717
617
149
521
380
777
52
851
532
997
187
948
754
744
741
912
773
518
332
642
754
817
557
918
464
509
662
928
85
607
582
154
575
730
674
954
858
725
157
390
722
695
689
827
438
430
90
562
299
421
556
404
237
112
321
701
973
983
628
57
941
209
210
515
291
883
820
500
960
976
241
33
670
930
859
459
711
948
373
9
369
928
765
957
391
85
657
363
419
636
420
359
197
629
225
839
864
397
338
823
724
931
207
746
860
65
556
922
364
928
282
732
855
46
689
246
131
697
960
901
333
379
612
529
360
188
367
223
584
56
397
660
986
603
405
197
19
960
118
382
888
400
114
94
797
154
691
927
202
651
180
534
381
791
414
92
978
132
666
914
188
62
573
525
664
977
74
34
288
191
416
527
942
881
621
739
34
663
17
235
313
196
121
46
986
886
137
316
18
803
229
557
216
801
433
232
129
506
265
416
49
680
943
342
560
915
80
593
577
449
180
890
996
652
287
334
889
423
649
906
577
229
814
793
29
247
24
509
104
288
924
152
968
218
494
879
132
925
824
709
725
355
950
721
6
236
406
894
10
54
152
587
282
317
731
662
915
106
170
19
393
445
522
712
663
15
591
794
292
414
502
368
768
451
88
125
38
493
370
48
898
873
986
531
542
716
544
456
173
713
474
565
510
996
629
172
362
571
317
5
336
171
373
455
973
812
931
11
657
652
410
554
525
395
437
66
462
980
521
634
45
347
550
554
694
530
725
407
100
393
764
787
563
136
241
536
299
171
546
955
175
307
861
699
701
297
116
514
276
988
499
320
686
400
873
379
930
949
138
381
342
901
168
904
36
760
791
334
283
688
641
457
994
501
507
46
797
622
911
72
961
409
744
647
809
616
377
90
917
514
822
258
414
341
513
801
453
304
487
735
991
127
543
337
979
49
382
775
22
293
198
982
701
941
980
861
557
357
302
473
870
476
82
636
816
594
436
268
249
274
354
592
752
896
928
730
296
309
504
669
953
54
651
6
994
630
218
902
338
520
726
208
347
807
843
162
753
630
430
353
904
783
944
7
31
223
737
326
884
592
995
836
645
997
193
639
978
411
892
316
282
618
875
628
776
69
789
528
50
570
233
305
705
176
312
735
751
48
412
634
991
758
821
636
754
14
626
84
424
517
751
57
486
625
684
262
45
824
141
94
746
373
399
450
901
710
536
651
109
947
636
99
57
456
86
810
821
711
245
596
580
995
652
65
971
687
678
367
511
819
461
256
191
211
57
443
920
592
93
380
538
728
478
946
536
564
756
356
626
352
304
557
699
955
622
21
642
651
388
504
469
848
111
12
58
167
454
329
758
547
708
647
626
537
593
513
452
700
221
78
403
524
634
101
478
607
122
471
258
861
326
78
708
436
89
117
602
543
797
711
441
504
710
418
392
654
931
844
353
151
273
107
674
258
208
503
217
681
974
826
541
299
903
600
87
344
68
40
886
864
751
678
719
812
95
110
465
25
305
169
527
577
275
200
187
834
703
403
514
28
580
406
678
482
5
764
825
424
804
62
287
906
739
5
717
186
115
533
562
419
701
89
348
975
640
886
161
342
640
674
721
219
432
399
52
788
162
877
212
317
290
498
222
381
503
290
566
969
822
127
739
522
567
438
849
207
323
9
900
962
34
621
180
817
19
584
605
532
812
816
849
101
665
422
481
519
712
398
487
885
877
578
759
443
15
607
1
338
967
901
651
352
521
183
169
891
766
773
422
577
940
622
29
956
396
862
475
459
259
313
343
487
890
101
282
257
59
282
946
377
182
596
729
54
778
249
944
895
373
718
471
664
691
500
619
86
713
93
544
971
758
239
810
999
691
91
255
102
372
200
478
906
148
558
959
277
806
255
172
530
324
994
193
14
845
812
452
557
256
347
880
13
585
689
12
628
131
618
729
502
170
206
759
317
764
70
945
921
324
116
451
647
462
643
12
306
806
463
215
62
810
94
426
746
134
789
373
264
407
101
117
928
307
876
244
422
945
540
694
620
8
496
266
469
139
629
126
296
92
340
357
901
785
135
646
918
923
19
533
681
471
650
608
777
877
203
550
821
743
244
440
750
739
57
218
229
685
695
525
128
387
233
380
171
367
26
441
290
396
325
970
866
974
930
995
850
132
896
22
874
491
813
975
582
221
192
162
258
239
38
385
625
271
765
147
989
142
587
630
889
264
952
106
237
881
100
439
12
348
460
238
838
625
212
419
845
756
933
102
994
970
487
970
240
603
116
581
744
55
210
632
318
161
737
906
393
189
344
757
536
804
994
725
428
205
496
624
960
428
726
305
397
564
274
989
166
742
569
909
796
130
892
465
643
980
370
35
168
714
791
55
869
136
780
648
341
627
271
652
54
348
309
450
911
582
790
76
323
358
336
470
840
579
934
482
559
304
516
726
17
659
133
237
794
264
884
486
890
154
138
943
502
446
744
764
379
534
840
54
243
527
523
82
106
809
563
664
112
431
741
480
89
873
716
234
136
951
720
25
104
209
319
957
6
63
721
736
596
912
789
838
438
664
920
543
824
834
558
935
264
299
766
704
523
833
938
659
783
9
35
238
217
354
195
222
768
267
957
715
178
98
904
967
113
175
862
936
9
419
222
272
717
987
328
592
171
265
250
953
273
636
190
841
341
736
414
108
354
722
822
883
819
78
202
931
252
63
866
260
481
439
884
550
425
211
141
595
827
742
899
99
377
441
291
70
528
704
177
882
425
351
116
244
428
317
526
31
379
744
291
212
182
526
113
959
736
605
905
562
346
804
12
74
596
302
143
123
5
672
356
781
374
472
376
801
140
902
183
519
997
473
82
530
998
194
840
85
798
745
998
495
900
361
568
495
662
63
969
18
734
677
799
107
148
174
259
287
427
441
157
775
266
238
305
615
431
144
52
580
240
49
74
139
762
642
985
423
56
306
793
789
982
943
247
481
468
857
119
247
649
276
21
914
865
677
881
648
173
932
227
412
332
653
903
93
294
239
868
349
544
12
489
877
954
87
357
421
943
476
667
591
103
688
857
967
716
737
966
888
20
193
652
703
845
906
796
490
144
15
190
40
26
30
916
979
116
625
399
410
452
418
1000
554
457
208
872
172
944
838
412
315
382
63
18
578
968
165
419
463
179
960
502
204
989
770
182
456
394
932
865
197
701
864
750
157
424
973
681
719
162
92
34
543
506
51
472
825
215
890
287
745
849
141
948
189
262
481
644
7
764
508
203
465
724
304
621
147
276
653
865
438
744
250
332
249
652
804
425
218
45
64
962
894
204
909
82
817
741
78
175
505
585
377
321
660
32
293
806
307
946
23
96
689
272
428
290
924
583
714
141
627
777
455
872
332
715
306
148
456
383
674
312
967
50
632
627
433
924
784
740
869
158
187
910
430
966
199
705
548
264
197
527
41
651
398
724
366
703
224
173
85
897
484
404
299
467
382
731
742
517
822
611
675
9
520
456
974
70
160
874
333
708
400
725
711
797
801
428
500
24
600
936
920
435
339
218
253
72
301
994
589
122
604
263
130
475
70
456
896
581
329
581
288
728
657
998
876
457
777
727
480
376
663
752
162
353
969
414
425
621
408
365
743
363
979
224
838
48
679
85
628
359
665
267
86
322
617
314
778
393
40
610
121
702
361
282
407
681
48
183
302
455
547
44
817
525
267
6
924
298
443
551
656
107
169
94
780
785
407
910
178
798
871
298
852
231
931
258
263
978
440
564
784
338
959
601
862
578
958
137
875
400
39
530
859
207
975
990
992
381
251
521
179
121
818
30
703
100
639
966
78
78
881
861
415
840
813
628
417
123
764
643
874
802
524
84
8
499
74
351
879
676
871
409
149
40
790
203
140
428
168
217
857
401
429
271
240
242
250
8
364
365
2
237
166
525
321
526
23
746
876
902
773
99
662
921
138
452
476
277
879
643
845
88
395
274
358
986
867
960
993
230
324
346
818
842
871
490
367
893
587
594
146
712
692
808
984
182
611
459
810
841
454
655
928
848
928
638
834
146
597
178
375
920
524
544
761
394
386
479
286
972
425
784
683
116
591
667
649
553
125
459
393
930
113
321
778
392
958
611
537
906
788
263
825
663
158
938
56
543
768
694
867
192
477
901
660
419
919
308
971
396
766
363
325
230
