#seed = 909
29
201
60
398
595
462
608
541
573
536
998
989
558
519
5
660
242
55
618
751
328
438
545
62
900
761
558
272
202
838
993
231
390
404
980
985
865
588
525
789
475
875
129
384
393
133
44
634
539
661
736
866
98
633
927
349
393
485
972
946
674
964
528
64
367
508
48
583
447
924
723
273
150
851
657
542
335
700
527
873
712
615
738
161
247
17
509
991
853
480
936
526
795
464
589
513
323
988
447
121
264
169
393
413
19
401
307
705
452
185
577
163
799
666
323
397
34
831
387
886
662
675
764
808
138
704
320
812
44
766
932
659
934
676
423
304
77
729
8
528
266
936
691
64
602
365
461
987
548
199
225
561
873
988
369
362
43
688
173
86
806
104
96
91
132
519
395
208
599
754
87
864
690
129
928
643
494
740
981
393
938
205
953
163
544
321
524
587
361
697
24
166
152
120
608
283
990
2
842
588
108
281
452
149
409
731
791
254
822
123
998
111
328
951
273
871
623
797
809
335
845
185
852
348
656
460
983
645
813
824
584
920
456
35
68
217
117
210
470
938
685
820
49
12
770
321
234
744
469
395
79
665
579
282
13
586
741
995
230
554
170
813
825
626
200
245
842
316
806
663
606
490
482
654
853
603
326
87
699
147
481
777
811
411
58
823
996
151
169
577
56
339
741
232
964
940
476
157
608
634
819
565
123
653
570
976
255
247
414
953
393
246
81
556
656
491
730
3
641
899
579
48
237
319
279
552
611
755
708
570
388
526
134
862
178
55
189
785
301
602
737
694
847
818
601
854
660
330
856
652
228
786
699
816
457
977
367
419
83
74
988
822
952
473
684
129
527
224
913
827
826
2
872
24
171
472
230
830
154
85
481
381
223
531
549
31
859
915
449
942
341
788
115
292
260
150
420
138
374
685
316
199
686
188
574
208
11
803
37
164
240
869
897
462
751
445
844
609
711
292
550
51
79
17
342
690
166
114
827
539
798
494
89
835
33
663
394
44
817
782
559
56
650
455
869
752
251
712
360
962
355
262
364
433
278
706
474
443
819
652
982
968
146
422
154
178
84
547
221
253
680
780
308
329
586
529
80
837
240
791
150
947
52
513
379
329
570
853
772
740
504
105
707
1
526
212
179
962
110
751
214
789
882
873
469
468
401
900
656
993
691
157
939
742
669
669
423
591
873
194
330
729
650
389
729
175
952
259
488
62
10
701
202
891
926
671
710
326
922
717
670
612
873
960
706
894
629
128
484
853
673
165
581
322
553
662
496
505
920
984
918
929
36
119
172
961
789
233
639
711
302
660
674
174
620
731
419
600
858
254
452
882
419
33
203
323
694
51
827
965
386
744
894
773
863
417
86
3
1
724
65
302
383
91
828
354
821
246
953
31
852
405
912
270
789
115
592
834
517
771
798
254
514
43
26
728
811
111
83
812
186
147
465
921
237
292
274
410
890
579
440
741
335
351
10
123
817
953
308
685
723
457
938
589
500
964
316
662
426
750
473
612
897
938
532
485
581
805
246
470
383
685
210
69
388
571
191
204
524
850
889
246
307
178
834
158
141
502
819
567
251
644
530
499
933
61
336
513
217
581
335
952
266
544
20
653
115
563
208
638
412
448
235
70
626
69
227
118
922
398
36
172
41
565
23
973
625
358
837
842
938
171
793
555
715
164
559
181
726
767
170
490
566
404
559
191
824
786
661
745
535
696
269
575
613
291
899
237
1000
735
430
289
258
574
844
324
738
754
504
815
520
25
304
438
780
863
628
604
1000
640
700
534
336
320
108
948
962
358
536
961
92
318
250
701
891
445
24
980
198
879
795
70
903
98
507
683
960
486
638
959
126
689
844
813
9
951
112
970
308
999
283
752
316
884
452
207
328
828
538
877
706
332
298
609
430
156
643
741
642
280
52
119
968
895
283
328
846
746
298
505
744
932
608
60
815
60
618
494
887
155
370
944
487
20
552
268
175
546
8
168
825
59
638
145
954
920
472
151
665
121
7
761
52
615
820
218
26
437
711
264
591
433
207
429
452
111
696
978
656
704
146
833
114
135
329
419
407
800
569
423
273
576
183
676
542
2
894
567
438
604
182
381
36
388
809
839
850
857
817
858
560
314
690
25
448
18
444
854
169
12
277
793
939
811
469
832
813
362
750
602
317
931
334
705
671
495
543
520
351
711
377
910
376
418
286
824
787
729
29
956
93
657
748
383
468
568
215
632
281
964
585
598
247
919
302
917
413
196
788
763
259
517
24
634
286
309
809
73
390
190
380
482
198
479
864
17
47
430
648
327
746
233
276
992
151
929
260
915
125
399
677
735
267
700
368
553
360
177
977
749
366
708
582
563
186
446
580
584
227
579
263
972
163
538
315
313
467
574
579
943
325
255
677
943
306
396
847
18
572
823
766
289
530
348
204
68
145
135
3
371
65
265
343
228
155
9
540
973
935
119
915
259
725
943
201
383
338
48
400
262
222
165
550
104
864
105
523
8
239
525
731
304
142
425
531
296
433
422
268
367
892
534
977
969
476
178
351
165
577
750
426
150
266
328
253
130
432
775
489
23
652
219
678
793
643
560
88
428
333
707
794
577
240
771
545
67
300
247
231
228
996
9
377
261
336
630
742
119
756
231
493
407
801
170
551
796
81
638
223
766
696
368
342
935
138
238
353
789
484
936
16
831
944
393
91
631
374
185
749
129
415
594
888
567
763
438
362
196
428
584
961
123
952
654
410
441
891
762
582
374
697
597
204
992
341
646
622
714
830
723
843
596
316
82
163
430
519
524
625
946
460
937
69
763
590
830
555
480
591
136
205
640
85
760
983
425
406
605
139
587
679
333
183
994
414
697
775
932
572
752
230
31
688
650
145
278
479
700
109
421
835
666
412
919
425
395
344
830
351
834
769
29
166
303
374
931
999
500
862
570
251
443
953
939
92
97
568
570
796
28
343
983
693
754
901
118
148
596
299
850
781
419
230
298
721
603
228
719
103
90
641
353
884
593
643
976
689
562
897
837
590
239
819
282
993
71
751
492
19
402
694
799
820
923
97
541
526
324
611
980
765
251
684
649
843
679
976
884
240
872
720
829
111
890
463
455
960
565
298
978
966
991
129
786
914
577
678
791
252
288
122
369
539
157
369
733
835
344
616
427
215
687
607
677
576
421
483
888
986
133
217
303
475
345
440
740
273
117
530
525
757
3
893
295
160
261
379
346
956
347
772
522
33
379
551
961
799
33
848
136
517
64
439
992
761
878
731
33
347
613
557
103
967
801
749
478
413
127
824
368
473
947
890
858
677
440
818
828
824
17
963
341
80
753
684
192
631
414
225
977
378
133
431
345
934
179
822
346
305
997
714
130
944
955
987
972
394
804
799
217
820
114
557
251
866
592
443
848
6
667
176
735
151
606
431
84
784
605
782
441
601
847
570
896
801
556
868
546
711
666
762
530
779
671
132
645
262
574
492
619
592
668
706
743
625
136
178
409
740
311
849
693
509
418
588
309
325
455
206
35
121
968
564
251
990
47
247
603
621
91
222
564
110
927
306
734
414
836
142
154
146
342
846
655
111
785
315
435
240
521
469
712
840
384
314
181
431
561
783
403
651
4
966
760
282
272
493
48
107
987
201
604
680
398
610
791
534
277
225
773
797
46
836
988
429
150
168
211
710
950
613
712
306
579
823
939
202
315
986
308
653
538
263
685
287
225
475
821
501
51
945
649
448
781
636
229
930
155
439
991
456
52
702
761
630
524
52
831
190
37
490
195
927
104
879
213
328
705
33
828
107
978
476
555
110
463
783
391
969
573
381
425
976
434
537
605
309
588
787
850
625
628
396
903
84
626
115
763
330
500
943
789
829
770
695
938
233
829
328
201
401
60
977
377
845
514
333
153
101
472
354
77
451
750
979
534
375
446
649
57
945
591
197
773
360
891
62
592
719
741
145
471
800
121
199
996
634
884
500
87
355
853
163
805
954
494
691
681
939
339
89
883
929
285
7
288
527
68
232
597
160
728
67
311
848
618
306
834
501
805
272
855
9
786
11
963
279
53
995
569
743
83
451
23
719
809
663
245
228
894
841
387
973
907
697
172
876
2
357
376
158
628
582
167
414
593
481
44
997
475
613
740
909
63
762
627
224
776
871
451
21
711
838
993
969
534
165
845
888
521
572
45
501
154
563
914
746
43
957
94
869
569
833
129
984
947
755
207
722
977
9
95
39
846
87
360
732
603
556
619
476
127
15
976
280
578
241
377
972
549
823
193
118
655
321
453
953
428
11
27
756
19
121
795
217
559
506
948
514
61
918
989
539
932
316
171
861
556
547
833
104
721
377
573
376
49
377
680
476
387
58
584
758
530
730
974
89
235
273
602
295
190
942
185
473
257
355
334
164
254
518
619
974
894
192
701
942
568
381
770
307
790
705
416
320
434
389
408
668
13
361
314
554
654
498
26
262
205
711
425
458
580
43
431
825
586
132
119
506
864
888
812
653
944
227
972
377
967
731
396
331
443
61
884
96
910
261
709
114
324
133
571
903
528
354
728
113
837
846
618
700
85
429
704
28
7
28
404
325
758
151
655
553
211
890
1000
120
151
709
234
474
193
156
376
720
861
455
833
697
300
450
748
384
231
452
763
589
831
518
914
940
668
920
492
878
162
492
998
312
552
583
137
744
90
864
464
951
319
296
647
970
97
747
706
679
550
468
268
380
986
533
319
653
804
163
883
965
654
232
628
557
166
764
300
255
628
115
205
298
762
204
267
859
302
972
537
851
792
156
230
777
40
900
781
844
62
663
160
67
246
788
623
411
551
275
666
530
389
222
827
151
777
446
361
430
417
249
280
560
405
861
336
796
113
469
991
174
483
151
241
729
938
215
491
840
489
508
370
230
730
548
380
858
993
92
288
762
340
919
321
96
132
9
892
244
829
234
417
311
384
9
391
321
576
882
513
416
389
234
645
470
781
376
680
126
467
319
239
159
237
911
254
368
271
497
963
99
731
380
762
114
740
152
787
315
33
651
731
774
884
727
243
16
103
274
493
921
592
83
79
181
994
685
900
616
181
863
67
263
594
828
729
333
979
867
1000
364
517
82
137
752
808
731
119
262
5
612
183
948
46
613
128
391
297
28
7
830
890
73
92
483
900
172
167
230
38
518
945
906
599
81
9
759
164
128
20
520
91
554
467
136
519
595
527
815
974
533
644
863
957
88
697
208
259
215
437
649
733
382
906
683
814
915
441
329
42
813
848
132
718
667
619
236
261
145
403
586
29
46
448
985
485
496
544
96
62
333
96
146
66
1
829
879
915
621
560
308
433
407
791
503
425
410
90
685
554
492
270
935
538
69
271
374
916
815
469
330
499
564
475
564
917
303
794
831
924
353
491
708
112
281
562
536
690
652
573
596
143
194
882
32
615
152
406
530
318
226
211
816
142
686
379
58
988
525
240
263
877
730
971
988
363
884
876
404
535
448
999
678
641
232
709
607
736
466
137
53
692
699
221
185
384
951
242
372
475
833
634
704
563
956
691
925
840
918
328
374
365
679
403
358
262
464
964
997
929
452
402
972
151
622
156
534
924
749
257
399
582
243
102
496
550
144
772
389
62
451
115
778
481
869
487
743
332
451
91
613
254
492
584
756
113
92
290
37
192
898
787
125
140
240
620
690
383
743
430
796
194
896
574
26
117
60
768
448
862
211
412
468
702
996
223
167
439
512
555
982
762
341
107
901
580
78
942
314
173
724
110
366
971
35
743
87
94
863
535
308
73
946
775
774
293
997
292
83
861
846
65
622
538
523
874
469
600
168
783
772
891
892
489
861
278
584
948
371
446
834
30
518
131
156
643
776
153
935
858
365
780
274
338
318
796
563
786
748
730
920
871
972
163
712
185
440
295
484
163
740
669
192
609
799
348
251
926
852
185
784
568
965
409
905
634
557
467
771
656
549
691
878
520
853
589
56
293
235
539
455
974
207
998
582
358
697
185
283
548
369
418
115
685
179
371
670
735
190
441
742
738
483
619
609
335
560
665
979
794
555
785
768
114
783
701
471
831
885
105
379
606
875
845
290
53
568
960
139
757
752
880
494
234
850
102
920
409
118
251
203
673
35
970
786
169
22
608
1000
259
64
730
864
938
574
505
342
493
464
480
249
567
711
742
800
561
196
72
969
313
322
523
337
356
844
474
877
866
433
876
124
497
605
339
786
530
843
128
23
659
959
271
225
670
365
377
582
560
800
902
224
121
425
561
828
268
34
704
485
467
931
960
315
887
298
100
769
493
227
143
151
538
765
727
207
129
455
140
40
254
41
264
726
817
824
554
85
209
609
921
675
892
881
989
778
530
441
898
374
667
40
524
204
805
603
762
285
409
901
325
663
294
940
740
110
763
645
546
323
254
467
998
497
699
338
274
580
778
172
954
797
563
829
352
367
431
466
652
192
366
328
854
11
267
593
121
381
590
18
703
843
484
52
339
534
390
964
114
519
487
419
315
50
247
667
768
30
132
771
221
849
98
426
860
716
370
332
448
959
701
151
153
537
554
843
70
943
807
535
462
645
953
128
46
552
146
814
933
277
584
153
478
34
930
689
749
299
372
549
258
72
699
762
608
604
605
30
547
763
564
360
759
869
839
805
772
985
618
704
613
201
208
90
586
137
130
687
435
501
235
44
573
285
806
532
888
762
561
786
876
477
497
634
345
336
438
116
672
55
171
284
608
378
726
193
514
855
231
300
356
465
344
280
101
501
811
989
614
724
126
489
200
623
122
544
310
560
11
981
966
533
264
573
910
989
118
423
844
348
74
551
165
769
830
265
621
992
605
234
715
731
74
266
705
196
809
14
107
171
346
72
703
961
997
964
950
114
738
145
813
812
47
329
580
228
946
201
571
550
786
286
632
860
551
336
407
712
701
513
234
46
584
289
7
932
252
308
397
990
804
210
153
850
890
732
429
835
284
999
385
70
636
368
281
539
56
687
250
756
551
835
154
486
123
512
418
727
171
814
716
326
375
868
527
265
951
955
99
587
953
835
656
589
203
288
127
258
326
728
365
876
914
870
361
37
733
778
115
903
944
830
228
318
49
106
582
351
60
681
937
365
867
944
305
69
231
783
678
908
510
43
783
775
264
496
811
997
625
277
251
568
458
831
238
506
936
819
209
996
851
145
360
718
441
664
138
671
446
816
931
307
858
713
81
121
208
244
469
185
520
720
752
978
550
989
835
485
160
395
480
362
540
191
79
980
206
217
2
3
32
284
661
241
997
94
713
556
337
182
740
208
901
844
537
450
832
724
286
343
118
766
705
9
308
135
340
514
703
694
868
86
977
529
326
325
622
391
881
310
572
972
869
824
815
406
625
999
481
910
341
950
675
397
311
335
532
650
200
234
695
67
320
672
595
997
348
216
739
228
525
310
552
394
485
718
151
109
716
983
19
409
284
45
157
594
379
688
596
578
274
290
645
945
313
239
293
661
807
32
240
683
341
791
428
826
509
930
934
576
912
304
336
196
349
493
141
727
180
736
657
805
378
653
749
690
891
42
702
49
73
942
732
765
84
511
942
944
441
228
520
704
531
855
251
879
347
392
958
879
127
966
683
504
618
784
546
860
825
247
909
249
188
992
365
624
502
307
567
294
886
86
998
768
293
248
999
639
639
956
869
118
921
552
973
890
335
518
749
511
117
657
111
656
1000
475
279
854
133
846
147
18
283
496
138
575
96
136
566
86
91
434
203
363
985
528
252
671
397
352
533
513
361
643
169
360
470
799
565
602
644
64
972
927
559
109
853
654
244
418
92
686
852
294
400
188
173
3
859
570
354
391
434
66
386
602
426
855
401
342
808
396
405
779
674
316
239
527
969
834
944
60
871
147
706
270
335
230
624
545
799
330
935
233
395
672
186
172
526
938
514
334
334
918
464
7
233
55
885
554
888
829
965
759
975
22
380
309
252
356
853
402
685
140
634
431
163
172
603
689
109
116
374
442
385
189
801
970
243
685
523
483
865
839
593
840
213
324
500
464
679
705
865
715
196
851
146
358
22
748
398
130
215
123
924
599
664
724
920
258
760
794
740
625
633
684
464
845
8
315
660
686
19
876
401
566
726
546
924
99
645
673
229
859
796
504
809
459
227
729
68
338
522
808
962
506
491
425
702
850
92
361
536
110
237
288
28
314
185
951
413
829
975
993
39
122
496
199
932
74
279
1000
411
153
807
373
658
649
149
712
499
240
72
386
702
660
25
729
326
209
31
90
389
357
82
779
479
929
977
410
354
256
409
764
408
567
488
417
568
989
128
66
580
552
803
633
563
827
713
888
387
743
977
127
452
58
905
930
338
233
339
691
488
100
807
247
666
646
16
233
634
143
650
214
46
804
846
609
982
559
496
368
653
473
846
104
882
750
385
572
983
76
262
822
175
420
421
192
66
436
425
699
930
426
264
976
230
462
584
211
372
431
931
24
255
776
480
137
526
216
60
860
291
321
33
465
93
805
657
158
592
433
856
522
858
472
849
439
933
784
650
304
214
580
679
469
707
510
957
584
726
16
795
16
688
828
833
780
984
841
289
576
273
145
449
482
968
297
921
900
80
922
203
293
853
233
113
559
743
69
495
820
436
289
187
476
468
19
607
452
211
896
27
835
392
475
317
359
123
589
258
202
862
812
846
714
396
959
624
138
379
118
957
167
407
144
642
874
514
600
325
725
495
703
911
886
529
579
596
651
167
205
852
380
16
50
445
764
360
69
901
90
538
210
256
944
705
249
170
218
849
846
294
695
901
205
933
429
135
528
80
654
733
283
33
100
332
478
863
691
898
116
781
435
325
388
731
381
989
900
598
189
97
244
883
997
800
815
426
934
695
505
587
779
787
972
878
471
449
93
161
346
208
293
132
884
33
862
264
21
113
213
209
210
808
443
558
959
610
983
893
656
839
831
434
978
802
311
448
602
755
960
299
962
605
431
197
637
292
812
9
405
377
569
966
184
11
523
143
972
506
387
627
696
569
60
673
723
723
472
324
477
784
623
791
388
405
339
376
696
151
384
452
527
952
417
62
314
940
556
638
797
942
264
492
863
324
517
585
398
988
260
874
123
882
16
510
286
355
885
334
857
620
785
735
923
554
796
237
493
352
226
641
645
489
132
507
164
1000
443
561
340
703
787
462
936
154
972
574
508
208
907
716
828
43
450
750
596
246
338
440
949
563
80
593
404
564
452
567
563
246
480
902
948
618
364
884
771
687
457
631
246
715
346
73
757
796
175
353
393
864
792
341
779
224
285
534
787
88
100
349
334
931
603
633
900
318
516
23
4
324
653
249
38
350
674
795
497
200
499
889
415
290
581
193
865
218
726
651
657
178
352
342
460
954
975
360
271
490
734
626
814
386
226
851
87
251
997
584
450
495
472
865
137
405
409
1
974
487
652
630
16
3
972
827
308
946
538
578
787
271
203
952
656
780
155
743
31
151
678
480
646
501
696
782
905
457
134
878
295
137
860
310
491
831
488
798
128
26
375
914
296
929
866
304
709
372
398
91
522
75
570
519
575
618
652
832
426
786
61
720
922
920
381
413
102
868
210
229
893
937
495
541
217
712
844
925
83
241
15
956
667
937
475
241
906
126
424
331
911
485
402
185
756
782
949
210
649
510
438
894
446
284
434
663
995
277
939
429
869
306
385
535
594
859
127
851
984
903
181
247
387
934
783
494
715
731
703
715
240
493
608
38
776
41
700
123
669
990
903
537
647
287
423
240
497
902
90
833
804
622
79
542
555
213
387
621
943
90
336
534
934
943
571
709
336
622
183
356
964
86
893
610
724
667
202
221
920
291
53
723
265
483
616
171
695
3
792
989
444
127
522
377
421
445
437
756
66
620
112
29
57
356
639
780
374
840
1000
294
482
404
368
98
886
984
269
932
338
60
272
781
186
146
509
606
590
945
714
655
916
177
36
972
532
26
104
257
217
103
550
50
859
270
148
96
605
416
28
942
827
299
74
12
444
582
969
385
878
34
392
146
210
427
469
93
804
572
350
20
27
899
421
885
520
568
980
124
335
359
65
161
10
490
172
453
423
493
190
301
526
581
798
736
7
266
828
162
838
529
181
216
428
601
100
299
521
431
423
855
790
487
16
799
977
539
603
399
383
792
51
909
372
848
996
730
466
175
891
655
704
423
870
483
376
321
781
896
751
203
750
892
42
117
690
370
8
645
768
390
436
171
650
160
370
997
889
835
524
132
841
579
554
710
61
929
382
193
176
485
748
278
376
789
394
66
158
753
710
277
495
497
799
496
656
521
493
545
707
368
28
548
946
581
609
358
862
991
550
37
475
649
314
202
437
60
267
946
812
328
575
306
825
725
154
832
245
646
728
952
365
755
851
310
336
459
667
549
801
568
585
627
217
899
829
5
958
447
951
121
127
877
779
303
601
932
134
198
929
862
149
293
616
999
954
303
809
620
851
610
539
436
236
755
686
416
112
995
863
414
115
989
290
893
291
242
824
776
439
104
637
939
396
605
289
349
259
98
320
462
707
859
249
294
965
934
62
76
928
924
841
394
264
130
287
906
724
462
33
162
566
670
453
313
626
741
14
236
838
333
697
896
543
945
190
860
878
603
287
157
878
128
551
141
609
189
398
332
2
430
846
567
451
298
232
428
38
245
664
228
929
360
123
824
305
664
683
534
266
321
691
143
448
593
635
57
781
384
740
782
166
585
701
968
234
284
396
624
528
411
851
808
122
325
631
778
989
313
312
606
986
354
749
433
946
735
841
78
119
933
211
636
517
911
603
103
194
350
726
73
760
576
881
882
900
511
11
240
176
322
846
161
27
946
945
972
680
138
401
798
70
612
785
586
874
388
40
420
737
765
844
849
692
724
82
944
587
92
183
114
414
28
274
440
973
570
764
5
707
516
154
776
127
939
714
353
326
753
772
414
870
967
262
561
691
343
504
629
787
39
742
552
418
367
343
391
936
106
747
995
974
900
770
100
838
835
804
163
940
927
929
809
894
190
369
584
885
225
564
671
263
305
222
680
23
564
422
310
22
168
304
995
420
426
446
257
612
250
772
551
176
700
359
421
889
80
356
125
304
919
795
918
575
368
949
597
284
371
259
305
890
914
651
309
691
96
918
303
697
689
853
225
740
212
645
980
291
1
105
946
919
251
863
846
619
811
794
902
533
52
558
775
966
208
435
8
655
704
310
352
744
163
928
483
726
572
463
16
924
919
313
843
169
175
40
139
337
833
392
222
885
949
348
202
508
134
561
163
838
871
866
581
33
145
64
758
716
878
125
640
796
437
834
316
963
873
