#seed = 707
447
298
517
990
384
22
160
745
602
35
989
152
74
701
26
929
648
494
987
500
625
661
245
943
594
479
499
862
872
146
757
670
795
625
660
178
647
819
275
600
205
263
103
630
963
128
559
962
622
897
814
598
558
58
893
503
888
743
717
112
889
473
781
35
97
792
213
743
611
839
694
167
101
796
797
63
276
707
377
249
603
190
846
512
599
738
15
486
833
731
597
721
203
730
107
651
521
319
394
483
509
439
2
609
235
150
24
862
856
400
110
810
941
307
674
539
397
688
24
229
770
973
301
324
54
407
974
926
78
719
409
586
158
762
195
744
911
570
605
118
321
66
927
261
372
600
799
768
639
174
348
760
498
648
83
903
55
409
829
132
127
589
717
284
350
263
27
260
184
983
377
504
48
655
764
772
607
914
539
597
440
887
357
289
886
791
192
940
199
20
423
326
960
492
961
309
754
988
920
290
322
296
793
722
302
909
493
260
822
383
857
613
621
213
902
507
355
445
446
554
816
221
231
775
712
191
83
817
530
2
106
852
649
899
573
950
159
417
210
332
799
418
945
420
982
198
926
336
642
723
241
457
943
471
231
654
662
665
471
191
666
928
394
666
178
318
615
336
734
176
668
533
945
964
304
926
161
229
262
154
303
502
962
246
973
544
251
986
208
73
528
225
1
922
890
178
591
856
866
325
32
533
209
976
496
864
254
8
444
515
161
746
368
122
343
692
665
594
677
224
18
557
448
18
830
337
548
420
192
765
96
575
297
656
903
144
519
156
151
962
22
663
708
741
136
50
433
152
995
461
375
13
17
822
382
846
158
281
266
701
45
713
628
693
369
530
836
887
37
338
849
410
352
908
150
487
309
582
638
304
43
12
668
411
185
401
257
694
682
874
747
78
586
374
771
306
255
958
193
291
296
393
700
999
652
849
486
960
783
475
615
177
839
282
587
23
35
195
69
716
68
815
793
6
188
915
663
442
873
855
84
520
599
783
518
250
983
355
562
765
830
176
293
668
810
880
42
844
74
110
911
494
276
55
851
463
970
513
256
194
720
339
65
318
473
582
920
456
937
833
572
118
360
217
137
169
96
178
364
521
640
626
366
915
681
216
730
2
729
985
547
448
676
611
117
148
192
388
955
480
220
879
949
932
95
85
100
542
263
816
62
254
793
428
520
473
995
249
826
723
586
724
522
613
334
991
760
878
730
67
709
302
297
658
233
743
742
684
284
356
851
697
609
644
476
481
116
471
81
294
545
666
17
67
278
703
409
390
580
138
808
288
791
104
945
23
846
39
707
129
394
557
177
355
200
653
835
668
123
915
313
667
933
681
85
562
383
493
951
962
983
758
250
773
213
546
148
58
584
206
538
978
762
67
684
314
719
518
333
841
784
645
859
716
677
296
278
60
788
580
21
122
690
622
247
902
520
394
312
103
951
201
432
712
267
115
377
985
984
709
177
120
705
388
187
382
683
816
793
822
396
813
296
437
787
542
690
306
287
1
760
237
554
192
300
172
658
29
157
994
737
685
113
794
424
299
527
106
467
319
928
862
483
223
650
269
116
339
926
754
692
686
342
597
229
641
768
886
669
276
231
758
961
695
903
384
346
429
842
812
99
769
25
581
343
674
202
810
364
127
563
55
812
904
651
40
896
771
278
565
46
860
674
6
555
576
742
900
356
583
63
454
703
87
386
397
760
587
206
475
66
120
882
229
23
884
621
270
654
250
834
700
109
859
57
663
434
150
914
141
84
976
594
786
414
332
534
525
270
91
1000
687
210
881
916
584
764
536
854
418
785
39
469
245
250
525
260
683
675
173
176
758
501
121
896
914
452
781
439
74
872
438
760
433
670
675
369
433
562
574
202
698
964
670
943
213
547
202
248
221
374
423
330
226
543
577
140
347
358
930
420
581
719
179
13
388
206
381
172
767
306
374
465
270
395
759
482
941
960
81
161
685
503
843
911
398
419
402
744
776
331
515
356
49
693
721
788
250
453
959
369
759
332
185
28
79
943
861
19
902
942
532
586
796
374
848
193
144
249
288
920
579
802
627
979
847
699
766
96
152
725
816
910
408
1000
289
486
942
501
505
843
794
388
781
590
761
628
134
904
229
422
175
159
575
154
138
773
852
255
869
3
331
36
264
739
36
904
576
977
405
432
172
198
819
304
139
931
931
625
187
511
398
361
670
972
866
159
745
718
413
965
72
96
1000
688
186
35
591
761
364
347
545
535
897
363
838
35
646
120
11
832
983
408
544
652
732
410
162
476
479
926
792
550
21
143
237
206
530
180
319
893
526
863
779
422
577
968
809
574
439
819
405
421
227
301
424
958
710
585
785
540
863
928
89
883
70
678
441
599
857
111
843
734
325
621
156
253
588
316
827
379
134
583
799
712
883
575
21
944
159
157
483
373
84
924
608
154
953
48
104
161
510
947
894
834
919
401
86
507
716
264
885
202
847
35
913
81
609
286
25
120
442
859
492
878
782
99
383
734
498
486
894
7
784
140
192
703
540
278
561
608
893
445
809
739
831
73
820
440
358
196
559
152
54
402
29
188
501
411
921
998
248
167
5
32
658
548
86
197
177
646
156
70
442
964
160
272
37
331
63
746
526
621
249
580
23
277
767
875
39
39
872
639
557
228
22
566
776
107
115
952
752
270
373
545
234
533
816
622
863
879
719
389
851
968
320
225
596
438
99
987
828
323
625
737
902
646
302
29
104
416
333
855
686
705
399
271
589
566
244
452
796
962
192
647
281
863
223
229
652
674
215
479
348
191
567
249
836
869
630
939
636
962
145
673
18
895
943
607
460
538
410
256
500
601
254
132
815
476
360
466
501
926
296
848
116
863
97
303
83
78
593
718
39
89
391
408
983
685
14
795
223
775
402
74
727
7
557
541
834
269
6
335
194
302
182
662
516
630
316
598
707
909
315
97
349
57
505
332
94
870
478
668
645
231
93
371
237
1
264
70
269
621
756
463
274
938
476
789
567
791
386
626
51
53
722
400
461
226
83
906
96
560
925
92
790
17
462
378
18
725
799
638
346
555
452
619
492
927
760
410
718
145
35
768
549
757
167
362
334
249
267
429
160
192
520
301
560
334
678
577
410
829
567
107
383
18
78
874
945
837
635
14
333
670
133
882
778
652
243
111
900
509
892
412
52
411
712
612
96
742
540
506
922
106
612
304
124
689
529
420
877
163
433
210
184
565
443
961
216
685
72
468
545
963
231
949
725
294
560
173
387
99
678
308
557
641
611
32
682
491
451
558
654
235
119
189
151
561
150
367
245
573
186
142
887
768
90
963
61
1
135
800
451
812
107
7
805
70
38
838
560
840
395
565
74
514
754
225
426
903
943
23
827
480
164
713
247
605
675
659
605
810
458
55
973
565
414
129
986
451
966
545
291
713
110
716
578
215
940
3
117
882
25
295
713
540
7
959
144
33
618
748
194
427
155
519
343
568
647
328
370
613
873
12
325
334
728
902
548
19
904
16
253
281
662
965
820
668
276
964
52
245
63
246
671
569
764
14
488
762
693
858
374
565
221
50
250
300
951
149
319
207
516
571
839
177
887
658
196
162
973
248
758
388
845
429
956
960
794
444
721
486
653
95
403
873
496
4
173
799
153
843
357
668
765
195
845
651
852
392
165
177
639
922
564
483
702
871
442
847
314
163
685
318
609
87
191
104
442
715
902
594
557
258
614
321
804
810
323
656
201
487
184
840
761
747
674
814
969
468
13
635
982
697
952
590
135
494
45
576
208
299
522
116
908
135
788
712
296
111
719
496
949
902
687
709
1000
713
875
968
180
887
602
513
935
554
454
69
47
498
996
607
148
517
74
56
3
862
767
650
972
485
498
920
738
184
981
737
248
855
704
779
741
658
291
27
563
744
95
961
594
442
567
741
959
993
796
313
854
562
963
825
398
460
744
135
995
76
871
243
930
927
373
22
584
664
48
498
407
494
458
1000
936
377
741
246
369
888
558
222
450
872
398
847
683
141
334
30
217
204
624
498
482
996
872
417
659
919
914
418
413
372
417
348
100
509
945
468
397
502
41
198
726
438
396
408
930
729
789
498
285
412
996
766
408
867
183
66
137
448
835
549
171
252
248
270
112
192
737
860
46
129
57
771
566
805
530
496
533
319
993
169
730
988
935
489
206
469
907
343
268
741
243
439
344
491
708
456
34
797
667
431
925
724
201
843
880
83
338
764
753
330
933
834
318
219
323
875
39
229
217
306
969
460
96
313
302
156
120
335
952
786
766
228
861
318
70
740
752
759
856
504
89
788
690
758
358
12
632
396
592
201
53
912
660
149
224
961
304
695
647
607
481
764
186
693
434
256
785
537
366
640
393
454
427
82
211
784
445
195
531
36
395
583
947
54
731
523
366
34
569
364
640
49
480
826
94
913
433
878
801
798
517
193
604
943
274
814
78
718
360
608
105
754
190
404
159
273
278
876
306
846
592
298
247
71
475
340
335
907
217
135
56
733
328
659
27
953
825
104
671
184
63
127
290
604
882
800
876
159
676
182
357
267
831
603
337
305
942
23
563
510
157
970
242
836
629
620
789
805
723
811
340
137
937
629
740
171
429
616
329
456
149
685
74
979
639
762
635
932
784
197
441
292
166
34
128
146
653
916
302
727
726
642
863
14
622
603
184
402
218
513
857
718
549
930
696
540
43
330
471
826
878
912
118
395
945
245
541
950
160
842
676
237
835
539
250
457
141
434
858
710
946
67
427
846
348
474
385
391
155
856
216
32
119
685
426
415
929
318
364
440
160
40
676
346
578
926
802
70
359
12
779
656
78
557
853
425
30
238
167
184
445
735
567
563
419
992
977
700
662
693
139
173
732
167
518
661
444
320
730
154
331
860
161
760
416
13
184
797
250
703
332
46
437
898
960
855
241
289
554
254
981
45
426
712
211
944
372
6
263
453
159
945
312
319
704
79
331
239
875
933
941
558
330
377
807
290
232
399
578
137
653
558
181
78
621
743
373
344
748
987
796
258
931
107
576
986
185
259
225
411
543
517
968
872
246
126
161
829
524
90
965
528
647
498
606
619
240
330
962
340
317
757
597
247
215
525
585
751
135
161
161
677
677
480
900
922
605
61
750
481
502
67
8
501
564
965
119
155
295
433
494
611
189
443
209
756
319
793
506
453
305
667
481
982
498
380
255
103
792
357
935
294
423
942
794
986
907
912
140
553
344
986
163
885
780
723
640
98
868
145
550
172
163
382
505
661
761
760
115
553
468
49
846
890
990
639
227
248
902
718
152
246
703
314
482
834
389
121
931
256
617
832
779
780
213
284
792
974
395
906
526
862
306
723
103
647
361
329
247
262
46
398
859
101
712
340
934
452
460
217
707
429
48
485
560
613
120
351
586
866
608
463
727
913
185
829
911
897
509
157
510
555
555
369
7
618
708
940
69
520
508
127
300
556
963
859
168
83
561
105
948
520
919
27
432
455
207
694
351
716
851
860
622
405
580
628
22
640
919
442
159
427
568
810
334
530
668
853
964
580
957
264
99
227
290
882
681
848
575
31
563
425
242
536
181
174
515
202
813
434
995
323
212
562
132
897
444
151
749
759
730
57
22
828
283
663
709
963
511
283
345
425
60
586
313
240
759
827
794
923
260
788
245
823
702
376
719
497
878
819
255
607
875
277
434
157
291
494
119
153
129
463
930
188
401
242
779
511
68
572
434
680
712
678
854
413
406
573
909
283
391
163
242
266
791
27
774
434
521
893
586
1
707
867
540
107
108
318
970
528
890
403
207
601
432
60
13
189
984
273
824
727
787
65
344
930
443
117
363
963
9
300
315
716
167
854
174
626
172
143
153
61
897
359
13
681
771
377
869
754
649
44
480
787
108
823
716
551
940
78
865
300
730
532
367
248
385
893
873
556
35
26
968
284
736
980
964
506
708
832
612
356
876
443
143
335
266
210
237
557
288
102
208
369
633
575
616
369
467
488
925
853
513
244
136
601
576
99
106
283
283
717
991
510
160
133
844
777
342
81
685
981
534
892
701
518
818
316
238
636
804
514
489
668
758
976
268
333
75
726
967
709
794
957
218
305
441
61
433
135
493
117
467
378
361
168
247
530
483
485
166
286
998
6
306
107
333
925
439
407
650
758
467
444
714
684
100
155
97
533
289
941
649
755
319
361
922
917
891
757
401
408
394
751
765
699
857
97
624
648
856
625
405
322
420
118
358
520
624
454
52
912
746
52
19
416
413
292
333
655
48
85
414
794
835
178
492
692
274
467
339
129
444
743
451
863
212
808
382
836
613
785
99
358
837
117
774
601
761
458
607
160
542
20
953
377
197
797
420
470
615
758
951
58
852
753
921
63
560
654
898
524
791
997
233
979
465
358
579
225
815
537
737
357
556
41
85
104
837
504
925
452
613
875
861
464
627
781
526
538
787
424
413
577
772
646
555
236
3
485
813
818
373
549
526
928
589
610
383
778
465
307
581
77
534
441
540
512
574
417
50
360
192
814
288
963
459
194
199
814
30
363
631
402
263
508
329
203
469
63
980
933
369
560
361
254
1
252
766
574
668
167
285
860
980
924
822
791
117
372
604
146
86
586
547
348
93
227
551
913
289
530
845
9
442
557
263
794
808
380
719
475
546
3
686
877
926
508
667
394
231
270
539
317
855
437
664
947
15
214
859
655
96
55
663
889
963
277
682
770
8
400
597
553
754
282
430
679
141
448
424
372
718
962
688
572
750
703
871
764
269
81
418
716
488
432
604
450
61
285
572
68
36
168
973
789
449
754
467
590
201
242
313
918
203
1000
842
304
54
712
419
322
144
836
37
631
619
640
433
679
276
4
99
311
171
71
99
971
176
917
912
376
158
224
646
712
223
487
15
629
550
785
950
45
620
339
28
591
330
460
621
606
463
71
916
985
141
367
307
316
635
219
44
793
442
689
856
17
527
223
645
428
7
946
472
979
284
499
569
614
958
541
219
772
612
486
108
104
204
415
772
839
633
815
983
426
855
838
442
381
60
86
808
67
32
279
45
667
778
965
280
87
505
850
211
116
336
318
220
891
84
991
729
68
157
711
494
11
549
935
391
960
373
198
26
756
828
70
422
957
34
702
396
891
551
606
6
238
275
577
129
359
567
209
426
723
920
919
85
820
206
475
779
578
24
157
333
852
578
754
160
612
807
555
854
358
160
859
947
435
788
75
145
354
636
922
429
555
841
865
726
398
340
856
975
363
12
659
566
590
412
726
553
571
280
406
928
792
616
226
578
403
653
722
109
288
643
889
194
835
753
919
232
92
774
558
807
138
216
372
727
980
449
631
550
81
36
829
872
651
54
449
54
706
170
162
993
164
50
186
999
802
456
230
246
582
788
52
719
355
775
797
334
224
427
235
304
814
63
527
464
117
975
869
174
496
30
167
659
431
704
657
585
512
239
830
93
378
233
163
732
359
311
418
934
737
652
589
550
67
115
365
183
89
234
708
584
615
226
595
398
930
251
982
793
489
163
885
218
747
399
950
105
709
719
39
797
370
627
346
436
94
62
970
534
647
678
470
262
903
64
659
184
314
992
976
155
154
212
372
252
610
673
356
670
391
746
466
113
725
811
900
818
225
222
351
871
251
820
132
153
235
142
689
549
485
16
55
990
580
778
241
189
451
597
859
193
694
324
305
418
487
557
235
711
778
938
933
28
109
417
532
344
910
572
244
395
588
298
384
167
75
625
707
877
573
917
70
618
593
726
36
79
282
622
141
411
911
425
438
20
841
322
363
751
893
606
145
832
255
528
350
681
504
57
558
428
325
979
46
917
704
433
347
338
54
839
748
965
264
538
336
104
211
698
854
103
655
350
287
261
230
636
941
733
44
850
513
721
828
910
637
884
342
984
221
747
174
320
711
437
209
46
541
419
95
746
874
101
96
512
361
325
499
654
409
895
503
273
615
331
182
251
214
523
586
786
622
760
457
332
196
18
730
88
788
176
834
13
277
929
524
989
605
375
642
13
269
145
286
883
475
819
485
40
694
71
177
315
182
633
646
729
2
727
817
790
903
650
154
531
930
678
519
886
404
161
250
672
657
887
554
483
706
38
522
399
460
698
713
641
682
710
370
36
437
186
177
691
187
330
573
468
7
443
705
762
955
954
433
611
841
986
93
546
376
966
944
835
15
8
828
49
717
197
84
505
734
260
547
272
589
471
91
948
914
795
709
868
748
142
831
588
479
923
485
206
889
780
41
903
787
868
303
504
416
386
360
501
997
259
772
586
729
862
885
642
656
593
862
403
86
692
343
917
614
827
122
854
607
514
109
745
733
411
600
148
797
960
648
793
218
771
730
298
632
614
940
639
559
801
394
996
492
736
912
457
914
34
663
872
899
771
617
632
181
216
131
329
527
131
474
96
901
555
394
885
169
333
523
79
485
916
74
328
3
986
136
917
371
798
140
621
568
756
252
101
324
735
781
850
865
254
298
765
809
691
1
329
375
524
407
859
439
480
538
794
817
673
62
539
471
201
160
390
309
411
490
632
145
271
833
361
876
130
478
36
172
478
364
546
1
122
404
792
602
941
585
770
966
646
309
436
198
468
177
506
230
667
489
727
289
674
87
516
803
564
552
975
394
267
872
394
389
276
537
342
568
121
111
533
118
771
320
316
238
497
821
820
515
310
546
155
335
984
22
489
548
573
815
941
192
687
686
580
962
223
921
881
695
383
766
813
154
85
128
743
933
300
562
799
961
107
953
295
91
327
784
990
899
598
282
442
284
967
21
597
541
293
478
236
676
243
48
181
679
527
923
612
826
485
762
787
943
67
433
33
393
216
374
643
814
655
85
449
974
457
46
514
750
875
101
777
117
148
957
795
26
231
758
852
715
520
990
658
586
422
42
330
638
768
972
803
422
56
251
747
513
648
261
614
522
361
390
990
861
698
785
886
928
894
89
995
765
78
4
702
852
397
31
489
164
3
643
938
410
245
684
274
893
296
887
766
9
628
756
869
325
892
106
253
137
547
599
902
976
602
955
827
998
986
667
162
340
309
99
101
906
134
375
150
430
261
915
438
889
22
658
565
913
115
817
50
661
415
303
637
368
257
815
366
594
482
527
285
142
977
386
47
110
760
196
539
372
463
328
612
484
337
177
749
452
345
150
464
760
452
452
127
60
267
844
6
748
722
290
889
698
27
936
160
138
483
50
510
297
378
121
781
714
649
529
517
994
30
981
105
481
784
583
892
50
427
249
797
148
891
38
198
917
325
357
55
807
406
916
104
135
388
236
201
37
116
69
30
145
49
486
977
185
68
220
234
494
469
383
994
359
420
191
627
744
547
33
902
304
948
357
439
688
944
991
76
59
59
457
555
460
942
883
644
9
103
877
855
571
611
848
281
30
390
907
125
288
292
379
591
239
87
381
278
31
371
353
441
782
809
996
241
750
230
236
111
332
464
965
254
75
164
886
456
553
793
581
840
436
311
782
674
397
515
304
779
237
656
220
18
817
567
610
566
796
845
28
480
309
992
733
383
507
619
838
411
763
770
602
198
80
384
223
829
898
526
607
134
534
178
504
350
96
113
267
892
958
295
723
266
638
455
648
145
425
837
555
539
607
157
88
38
892
311
218
141
188
825
274
73
354
777
422
450
890
689
693
199
983
415
464
972
221
463
116
646
299
23
536
257
531
624
647
774
286
864
914
473
40
187
546
394
316
319
843
557
359
887
755
693
301
570
665
521
32
132
518
682
154
406
291
36
29
289
809
314
152
722
138
192
261
35
585
928
354
779
484
64
665
590
757
317
159
421
837
542
552
707
575
58
112
217
93
492
505
254
805
657
327
294
200
587
329
136
866
34
914
349
97
930
290
853
246
800
625
434
693
177
140
268
234
603
836
678
94
341
283
250
349
610
896
548
548
224
683
414
609
948
114
705
877
756
910
474
555
534
907
248
62
399
867
647
353
54
677
799
394
959
48
94
920
943
993
820
518
27
585
126
974
698
183
202
805
444
675
360
329
934
959
391
332
177
37
36
582
713
834
976
24
234
421
295
528
414
114
46
440
698
523
766
748
57
319
552
500
346
263
181
279
573
571
962
101
959
997
683
24
831
10
47
64
430
341
591
195
807
988
987
856
511
752
603
919
422
507
771
767
121
951
397
46
873
358
498
831
707
180
854
537
541
900
952
971
593
894
517
751
882
503
606
744
606
561
662
28
67
784
146
539
734
543
936
606
900
434
437
958
613
642
494
154
894
797
476
486
691
344
588
924
847
193
667
804
753
680
831
171
816
329
62
549
871
997
507
122
430
295
80
395
936
925
900
181
722
375
18
764
70
605
687
916
798
705
72
902
736
254
73
551
582
134
452
452
482
958
574
912
604
5
658
891
929
557
72
2
283
89
765
352
694
451
620
843
507
691
744
243
944
816
793
526
301
244
329
783
553
254
46
156
258
55
399
539
611
470
540
893
558
657
596
603
459
215
445
966
257
189
208
201
356
352
78
657
596
758
791
500
12
188
656
621
242
54
159
204
875
51
448
432
707
43
387
165
610
831
482
866
19
689
418
727
41
495
735
988
253
877
487
616
64
494
236
657
899
747
860
773
149
659
557
855
701
943
371
662
773
205
528
144
893
945
870
285
792
956
624
396
832
111
363
895
604
950
903
855
696
114
627
844
772
183
50
824
125
773
486
250
977
13
393
221
309
614
506
452
569
129
199
752
591
561
646
547
511
900
401
558
13
27
754
136
562
803
959
686
927
444
287
903
808
31
476
469
644
333
920
564
813
471
315
404
383
312
302
893
563
702
803
927
80
556
62
641
710
21
679
637
816
965
891
624
996
366
92
991
698
363
907
511
833
573
266
216
237
567
460
799
268
614
726
699
169
787
340
231
807
18
219
623
982
109
598
329
827
689
320
524
403
226
386
588
798
651
803
34
569
614
833
836
580
910
535
748
696
226
330
855
243
548
829
576
9
778
257
835
818
576
710
220
801
96
807
950
98
961
336
667
927
520
854
506
429
740
605
476
965
935
330
559
834
510
487
842
287
743
676
456
670
386
676
822
833
834
771
930
795
106
948
73
625
154
578
405
893
182
881
210
468
562
120
302
424
958
143
62
52
171
518
721
556
545
542
388
378
665
669
524
122
969
596
99
122
173
503
366
707
383
927
526
297
47
827
720
356
322
781
408
492
650
480
399
194
374
138
572
38
158
95
511
126
43
609
599
567
464
965
273
198
891
799
494
289
977
213
997
650
346
756
141
995
235
891
189
608
28
112
997
186
558
508
663
600
468
262
167
931
226
791
129
468
