#seed = 404
417
44
7
2
619
697
708
845
906
578
250
697
664
855
145
478
411
133
647
870
906
310
435
287
964
42
220
856
607
597
704
23
992
62
377
962
758
84
159
15
661
408
64
676
614
208
154
377
692
800
246
597
109
680
235
424
73
454
280
679
402
335
54
393
396
430
707
505
865
865
520
878
624
583
553
237
142
706
613
833
505
210
781
966
890
15
389
314
820
20
345
222
706
398
966
101
179
24
958
43
888
829
272
511
763
825
100
904
882
712
88
387
922
868
704
163
234
444
476
405
464
820
978
169
569
944
622
747
967
931
142
207
759
413
69
521
237
168
776
119
232
215
857
505
82
912
667
667
355
494
423
818
666
401
339
586
696
312
333
14
242
474
220
352
238
289
224
475
808
999
945
39
213
153
543
646
64
561
664
418
407
86
588
424
486
278
9
181
589
693
195
182
166
766
533
756
54
756
582
214
106
526
252
318
30
147
315
445
59
978
214
465
415
153
888
901
430
249
433
18
941
979
199
459
745
83
214
150
838
795
363
295
672
615
964
701
113
278
497
171
607
710
988
22
863
875
274
292
475
58
662
416
37
212
226
781
295
439
930
484
233
645
779
256
611
742
308
723
372
804
245
978
513
232
351
727
459
976
371
933
34
32
700
70
595
925
202
241
363
131
725
947
775
855
202
737
948
861
459
319
664
704
649
529
935
351
255
393
327
625
678
360
8
377
781
603
302
982
843
16
464
919
315
591
125
868
327
73
729
786
743
392
841
743
920
127
94
527
872
420
503
549
131
511
277
911
113
578
892
307
946
707
226
260
297
702
127
624
774
855
761
869
599
601
611
870
79
704
396
950
475
899
850
957
409
127
219
873
56
462
531
1
169
108
260
465
810
739
88
583
593
848
803
191
800
414
61
879
469
808
180
296
706
30
252
466
156
471
690
211
932
221
212
100
328
823
917
137
561
356
72
506
556
874
48
355
639
460
585
108
268
765
403
325
794
6
791
301
828
480
511
760
52
74
211
380
249
479
868
809
835
291
666
390
517
714
96
155
173
681
614
792
797
16
117
942
374
259
242
201
90
104
312
142
530
875
873
778
353
92
938
539
383
604
928
251
669
24
405
193
56
19
985
852
386
453
145
759
711
386
312
152
841
623
293
370
849
517
499
202
609
437
740
343
392
20
593
60
43
349
252
450
367
588
653
105
40
797
215
102
534
526
606
726
501
250
96
349
767
594
550
727
382
642
69
773
661
13
832
55
361
436
504
728
23
508
184
415
304
398
868
189
924
473
914
776
723
361
124
489
307
26
567
688
667
635
813
679
647
996
733
7
431
588
86
806
95
621
220
750
19
439
938
294
912
203
69
986
916
544
826
222
569
392
261
235
378
73
913
24
69
997
382
499
584
820
656
678
792
227
779
810
666
68
455
929
623
875
914
538
419
91
759
987
482
371
574
859
444
486
234
864
835
967
714
418
786
370
448
578
596
226
739
613
646
546
541
268
420
806
805
190
896
915
529
729
285
102
587
80
939
820
943
773
787
657
543
924
26
990
853
973
567
592
586
212
489
478
479
908
284
635
450
531
549
978
260
186
431
846
265
369
18
208
494
156
864
36
79
889
377
284
861
943
227
798
507
715
276
337
974
911
972
423
441
872
752
52
57
182
250
322
551
619
529
396
774
744
431
204
984
159
487
196
453
713
994
959
427
269
296
753
531
619
175
323
842
927
375
899
460
624
572
362
242
452
757
367
195
539
570
178
697
57
373
150
121
718
460
900
338
755
652
868
725
178
191
567
104
917
817
564
540
740
925
133
191
34
499
737
572
420
266
269
828
990
770
949
708
229
200
45
336
851
265
412
28
455
330
484
371
146
399
262
237
323
746
427
708
596
515
280
15
780
900
195
770
21
495
829
249
694
873
584
544
489
348
923
943
677
406
665
175
156
278
411
831
375
838
538
970
704
817
337
484
68
531
605
88
25
433
337
70
657
272
965
146
971
887
88
648
645
105
822
800
734
232
630
109
421
168
430
125
336
766
960
756
648
564
843
24
996
531
93
652
155
57
797
125
296
237
772
292
693
945
91
426
177
73
886
949
592
316
425
279
81
384
34
81
299
229
104
646
759
197
298
265
605
446
742
252
34
513
543
78
810
634
856
338
58
741
286
649
408
63
927
489
446
961
569
97
189
24
742
299
572
391
916
177
189
657
428
574
521
323
652
330
308
859
667
365
599
305
13
7
367
291
847
164
603
767
260
143
790
2
794
714
744
709
890
932
365
669
506
885
343
509
215
650
367
233
14
317
537
378
675
255
669
521
419
623
639
30
766
781
383
559
494
127
619
735
58
983
755
915
219
98
423
785
747
141
18
113
458
906
490
132
161
510
5
579
133
995
960
250
775
343
160
268
469
778
354
878
112
109
793
330
558
567
115
656
708
132
768
165
37
610
648
549
471
4
479
955
999
439
204
773
781
715
393
601
492
98
478
603
558
270
933
115
837
47
123
896
530
242
412
918
851
59
467
322
63
945
276
413
735
832
537
515
546
281
467
390
379
945
992
936
214
276
403
402
674
525
297
555
766
708
473
969
119
291
642
533
587
269
945
322
100
833
188
998
114
655
387
492
599
730
779
164
6
533
918
31
409
566
586
527
274
410
495
744
700
136
276
286
404
572
959
856
404
499
853
517
153
591
360
103
320
139
618
677
23
535
708
432
101
645
958
726
406
452
469
105
939
96
742
694
667
701
901
70
199
753
939
703
343
650
157
15
788
774
691
811
309
750
594
761
394
551
486
799
354
954
255
644
49
349
337
67
401
238
488
951
342
426
653
37
76
809
51
215
582
93
377
242
843
970
2
588
872
487
739
225
792
993
868
192
693
557
258
93
146
746
43
839
523
47
875
598
207
277
165
141
370
893
382
212
215
736
151
86
574
889
311
366
234
530
557
926
86
815
371
583
912
413
422
434
812
648
384
18
925
548
158
646
440
892
857
654
627
359
92
200
248
754
565
833
283
474
110
721
640
480
303
551
245
76
984
56
724
367
73
1000
266
583
645
58
474
853
63
100
211
154
299
810
907
216
994
542
41
104
262
680
935
916
582
179
344
565
586
67
284
11
418
549
593
62
606
66
914
669
165
476
174
815
638
81
382
631
622
422
734
235
101
21
502
682
551
845
599
137
263
234
147
680
782
739
93
740
156
6
760
320
834
933
134
471
365
516
101
338
289
187
924
742
559
426
423
109
622
373
597
885
606
743
916
740
833
9
831
988
366
942
659
199
226
145
21
591
12
474
280
300
660
204
41
218
981
816
678
602
540
275
838
498
369
754
589
554
114
771
893
479
712
552
30
937
48
50
879
59
523
159
710
534
714
103
103
694
270
781
647
161
55
485
658
775
238
598
328
351
368
221
181
79
772
210
368
171
612
246
581
486
756
642
372
821
744
474
514
365
606
513
526
660
997
535
787
234
133
114
936
500
334
468
931
457
678
298
627
641
543
207
478
651
849
849
471
944
675
337
309
280
849
186
292
845
720
78
430
204
191
717
56
525
184
986
333
213
283
960
853
177
518
683
827
718
531
298
662
205
986
322
485
834
859
776
30
930
205
459
134
395
527
189
271
710
174
604
923
808
915
127
984
432
161
811
502
692
460
163
248
797
836
84
630
694
211
11
975
415
821
108
810
347
648
432
56
173
35
330
980
949
809
316
733
969
478
234
12
937
748
612
85
935
695
714
980
258
76
954
672
896
62
833
242
61
265
649
234
651
331
565
952
491
880
684
459
357
269
823
645
368
786
729
302
480
794
281
89
869
234
761
764
647
945
357
60
209
6
293
212
688
209
163
178
89
198
988
445
466
162
442
833
947
170
486
779
316
766
867
184
351
627
300
350
924
656
409
484
13
53
695
700
261
857
229
349
54
217
146
871
378
587
55
325
108
540
103
423
657
969
959
360
948
258
61
871
265
469
354
630
873
401
681
133
257
910
834
663
478
331
885
855
269
292
531
376
183
985
151
840
306
109
551
605
718
611
827
982
431
180
963
303
932
644
787
541
905
620
555
382
302
439
588
570
730
119
298
265
103
448
104
760
908
6
364
625
616
190
958
46
722
273
700
653
916
486
193
820
458
747
553
759
538
140
681
619
610
330
883
65
777
338
824
36
343
188
660
310
377
969
707
450
241
406
103
508
244
647
679
701
394
231
811
283
723
843
901
332
172
784
396
300
121
220
335
464
759
346
125
487
667
832
937
907
589
39
415
832
37
445
884
430
676
695
712
398
537
613
729
61
748
477
360
868
696
695
683
806
392
808
292
58
639
228
965
227
618
731
411
655
175
294
436
202
340
500
951
877
464
32
289
211
508
648
78
555
694
113
360
86
920
651
495
910
879
459
488
496
541
898
502
68
544
938
621
883
437
572
111
900
603
399
110
462
399
539
16
92
651
375
529
922
25
24
831
255
834
671
103
727
920
604
146
463
893
766
346
329
689
456
580
643
855
689
104
253
580
471
696
230
845
577
152
222
600
334
828
785
4
282
511
924
886
656
386
130
774
83
459
814
539
38
457
745
79
912
349
658
383
44
239
579
620
742
800
571
76
980
356
431
261
218
706
498
226
444
628
351
526
438
164
416
827
620
160
257
532
508
914
266
904
505
844
875
246
996
446
673
975
153
456
587
722
161
85
947
604
64
649
482
501
813
897
679
784
409
936
667
916
201
932
819
57
776
46
303
123
491
327
97
995
782
683
716
943
119
15
898
182
663
379
34
827
628
65
963
36
1000
629
303
552
561
474
609
688
519
263
810
9
589
258
355
371
292
70
665
411
436
562
592
451
293
978
629
272
42
591
307
393
220
609
944
132
82
904
171
600
166
332
960
107
589
314
477
880
736
141
290
523
54
234
973
698
211
602
969
604
544
275
996
763
236
939
894
669
195
416
621
360
747
932
818
335
598
646
567
333
138
208
207
192
793
532
889
355
485
858
958
28
484
953
791
719
244
36
740
790
804
360
501
550
291
319
237
888
964
155
572
102
362
779
293
507
310
533
861
146
742
171
173
226
475
315
296
718
703
35
507
506
394
8
55
685
678
643
924
641
797
496
742
511
274
386
17
935
271
877
80
12
399
252
237
874
919
533
591
621
567
450
126
313
809
532
997
486
175
920
478
323
767
220
833
40
957
201
326
227
430
757
239
828
361
827
701
279
359
644
899
278
445
376
590
253
259
938
90
785
209
919
108
976
138
292
367
447
493
45
673
922
801
263
749
161
90
802
791
800
445
689
77
889
416
18
493
675
955
934
459
516
852
918
843
342
210
561
140
702
605
164
975
406
427
723
918
868
876
709
667
320
749
96
560
165
465
404
191
772
689
649
287
893
567
129
586
128
41
725
829
646
888
803
403
666
877
320
533
753
380
552
424
129
999
336
645
463
739
835
234
780
835
872
672
753
352
257
880
393
333
60
38
220
214
792
886
91
463
770
195
843
673
618
323
671
305
967
486
44
153
71
175
987
943
198
92
646
806
323
38
138
383
427
357
596
570
594
38
33
716
232
875
740
202
549
763
506
515
248
901
19
670
427
357
964
624
448
610
429
771
999
566
505
778
275
452
347
220
490
379
287
73
605
27
626
153
789
484
19
388
736
37
57
163
394
21
786
841
630
567
963
980
484
819
757
110
271
104
682
112
482
968
536
439
346
162
591
486
997
962
873
732
998
282
246
391
302
384
584
283
950
898
262
785
717
19
895
987
474
576
450
307
895
985
745
593
498
688
78
494
649
951
578
998
232
823
741
885
206
324
519
507
573
132
292
289
150
538
627
975
465
76
282
711
413
378
303
910
417
381
404
65
683
333
415
266
155
155
150
713
830
20
571
402
151
862
43
653
751
669
627
215
97
260
926
509
638
228
418
54
960
173
471
642
505
885
907
12
39
408
76
220
427
646
621
578
860
663
230
610
684
856
177
780
116
102
288
753
681
57
158
641
582
628
282
438
864
541
801
254
948
876
473
375
522
94
952
381
108
181
342
791
388
518
570
503
971
209
607
4
618
765
644
199
744
277
636
608
169
437
861
117
664
686
491
537
779
794
269
886
974
611
29
713
480
598
216
451
807
174
454
424
290
449
974
34
77
961
993
246
749
205
362
413
890
204
949
20
997
218
258
322
180
286
34
11
883
601
461
41
775
266
816
64
66
141
449
143
102
793
740
850
998
101
262
239
656
563
611
4
132
868
325
663
505
710
673
387
663
486
780
437
751
947
852
817
88
653
311
189
445
50
38
794
502
652
385
509
566
995
512
697
214
188
711
718
897
383
456
559
868
235
347
971
534
551
139
621
555
449
161
351
850
550
145
351
553
881
859
118
875
722
166
88
909
876
805
157
611
260
68
478
847
766
448
732
316
586
352
222
386
864
573
235
413
69
937
318
949
147
435
175
220
953
614
128
828
770
637
438
381
704
268
579
469
67
310
137
5
13
358
390
876
282
977
641
350
265
958
650
764
744
824
983
696
789
463
876
558
99
313
939
154
932
869
974
999
179
110
355
191
820
744
419
453
72
411
803
689
368
452
452
111
628
786
159
416
248
34
326
698
698
616
851
630
484
825
980
662
286
334
205
457
429
975
910
853
385
64
893
752
867
696
214
494
481
724
262
81
757
939
130
455
554
981
436
37
157
767
51
442
452
607
251
232
581
160
84
965
575
976
68
441
671
633
287
504
357
548
936
113
838
65
919
391
45
706
779
553
472
829
347
275
435
597
507
367
108
942
331
682
270
398
474
292
383
760
795
739
659
730
203
496
147
122
886
543
827
17
96
651
845
442
925
632
390
783
998
497
725
681
530
994
430
3
285
812
115
432
902
125
513
105
621
659
226
858
202
404
874
649
406
71
442
683
702
831
465
51
679
189
83
560
534
865
914
819
676
28
602
930
153
114
34
125
773
611
982
326
14
208
326
772
278
767
454
331
949
270
733
979
459
168
538
344
32
451
162
59
831
763
988
335
229
21
459
353
631
792
678
997
999
355
120
628
473
573
310
421
842
43
399
652
210
288
996
241
90
509
651
920
624
639
606
852
659
64
204
642
208
233
990
558
939
109
186
411
33
495
183
226
889
933
878
98
220
225
690
309
85
341
581
60
331
186
911
341
602
466
334
809
50
323
366
340
783
903
750
815
398
932
41
638
864
270
88
435
846
129
744
930
821
676
342
151
861
252
492
814
70
825
622
471
500
340
811
282
242
912
449
991
844
489
629
59
110
68
494
307
196
589
588
17
264
929
167
476
533
10
642
602
187
263
424
686
954
234
319
548
498
767
538
341
607
518
751
68
585
596
374
781
184
962
149
799
890
315
627
422
677
268
375
863
882
151
900
188
736
570
735
233
689
624
925
295
142
676
715
78
271
88
210
807
401
358
605
643
25
583
416
53
202
791
267
436
293
518
623
28
87
357
261
775
980
185
422
473
212
136
903
483
575
112
289
976
822
245
618
198
180
33
602
381
175
868
816
467
385
790
495
823
146
107
950
478
291
371
302
503
858
204
337
432
668
977
407
841
573
24
390
752
409
991
485
583
210
300
402
946
90
248
768
587
354
717
416
644
439
718
498
296
921
834
728
940
162
134
780
735
510
521
486
918
511
970
852
720
622
253
665
63
500
785
649
205
853
65
849
292
782
698
587
54
884
314
346
45
800
477
779
661
998
617
578
860
586
781
580
207
386
596
269
885
732
270
90
585
334
290
876
467
339
814
872
222
480
217
619
279
694
397
291
43
365
868
902
951
1000
833
509
385
429
130
622
512
399
63
96
84
704
323
902
42
137
125
616
616
342
234
246
387
982
536
429
347
755
330
649
754
163
157
491
943
638
112
806
36
174
902
471
877
224
372
270
360
497
885
327
190
470
572
928
452
107
708
150
213
389
150
319
903
658
809
197
296
920
3
331
93
904
154
321
127
877
590
839
725
827
165
914
296
89
193
99
547
900
600
760
289
749
78
191
407
886
388
702
157
390
384
601
645
537
921
123
414
862
961
490
688
478
404
336
566
948
434
464
848
34
223
488
782
652
30
540
889
769
241
45
510
977
645
154
513
917
277
278
131
589
768
170
418
523
505
335
470
939
799
669
324
21
508
457
25
538
997
913
306
589
310
816
565
306
969
430
575
597
707
705
538
826
874
955
700
379
290
522
669
88
190
992
460
698
448
484
587
796
749
892
385
58
59
949
715
380
378
289
976
437
993
513
262
219
468
962
597
109
483
617
196
24
608
7
73
407
491
659
203
591
903
587
1000
961
535
714
340
265
3
668
701
347
532
314
565
351
627
513
459
461
129
654
485
88
661
909
495
503
568
697
445
470
635
444
430
521
157
122
785
511
789
837
858
672
151
422
23
777
935
481
238
415
487
74
503
499
982
997
353
901
45
797
370
31
592
152
551
100
625
688
611
765
524
820
436
674
241
458
803
527
291
40
942
777
465
796
627
446
792
979
699
188
127
68
570
718
571
120
817
547
807
779
311
683
598
747
356
191
556
510
717
846
549
10
622
365
805
600
163
948
578
861
487
704
280
56
773
203
528
590
749
686
368
60
368
318
158
76
508
713
585
224
559
486
586
532
850
742
132
12
42
61
224
528
765
504
584
889
706
463
478
806
148
198
865
516
515
374
591
22
87
175
597
997
660
534
880
862
276
11
873
317
424
97
196
540
952
131
428
9
593
906
814
741
455
679
256
969
52
198
342
490
724
290
486
736
824
366
597
451
728
821
119
151
269
314
690
220
445
118
228
389
375
42
129
829
72
736
149
475
285
842
317
9
483
802
744
658
519
340
108
599
512
578
101
781
892
143
1000
688
260
580
428
986
973
557
166
396
644
666
870
929
859
186
289
341
340
32
999
210
723
106
808
234
36
261
14
927
403
366
966
14
945
393
999
269
301
516
664
945
181
885
225
39
423
513
731
114
896
729
323
618
187
483
203
222
743
217
500
145
934
465
158
878
209
508
146
510
375
161
806
907
45
382
297
467
246
27
580
141
756
255
110
942
737
312
163
831
880
662
975
813
478
484
42
686
343
539
547
717
699
704
623
744
437
919
562
682
297
142
174
52
396
283
993
484
595
507
314
826
520
640
639
997
475
32
35
817
571
933
885
269
989
859
364
425
129
926
459
425
419
632
477
814
915
821
649
861
680
962
686
199
601
676
196
427
708
582
595
630
514
479
250
502
689
614
279
169
891
737
593
309
368
421
474
282
594
122
494
273
83
532
471
35
559
18
461
266
599
407
247
113
885
497
966
925
110
244
93
1000
980
37
660
700
810
133
333
403
606
827
27
688
358
497
74
268
515
886
534
465
292
132
929
528
628
895
804
737
138
896
88
470
284
99
169
93
231
853
847
836
679
873
875
388
722
300
656
588
185
541
52
828
672
981
707
652
875
510
740
364
405
828
185
41
926
705
133
509
558
332
696
588
204
571
328
925
222
335
864
759
875
916
586
898
248
293
549
474
802
289
837
559
468
374
951
745
430
435
605
987
766
301
927
322
223
254
246
444
588
462
202
814
377
788
711
624
432
612
97
585
252
285
495
71
10
445
815
440
880
420
778
997
720
56
318
942
309
916
385
248
377
939
61
105
78
124
728
509
87
176
445
338
812
940
408
174
736
574
965
967
993
742
964
64
798
633
357
458
548
94
706
924
32
118
28
109
241
107
969
679
634
413
16
798
704
775
323
440
701
287
758
45
380
73
109
177
706
817
987
253
262
44
529
293
161
908
753
754
367
73
432
1000
838
800
149
541
926
471
332
626
757
90
671
137
514
131
665
219
299
3
472
561
46
352
205
207
259
310
312
625
382
743
977
219
894
477
112
820
948
443
797
56
884
467
544
398
949
561
968
248
563
439
808
609
142
364
167
401
673
478
377
55
572
353
625
466
830
736
637
129
531
433
184
766
900
80
515
200
640
483
447
202
273
606
810
415
970
976
167
642
805
543
48
377
896
673
842
77
760
478
205
642
910
740
408
161
819
274
713
458
108
159
12
381
117
821
147
86
149
313
79
953
207
479
681
102
503
522
530
262
351
86
256
613
826
663
125
996
288
837
806
396
348
817
128
464
989
626
901
489
938
331
794
496
809
474
950
311
348
479
925
50
565
180
662
742
194
139
89
833
327
894
228
674
62
707
489
51
332
741
891
621
72
684
117
232
510
66
895
209
544
171
258
460
702
272
201
895
410
642
79
736
535
659
762
597
365
250
999
697
991
241
669
414
277
785
997
786
850
891
994
746
413
603
205
114
874
758
360
635
399
439
371
285
97
484
233
813
733
231
861
75
824
530
840
100
314
837
885
164
79
230
261
492
832
817
957
58
926
317
692
676
107
414
961
555
897
193
367
982
776
228
408
599
757
248
698
70
436
934
585
514
515
197
357
346
14
314
755
939
982
447
615
88
212
927
642
461
119
360
442
246
587
201
196
343
448
893
765
235
178
701
101
692
898
457
390
911
122
144
201
455
942
815
894
154
741
887
614
212
247
407
457
833
607
653
528
407
897
292
641
427
992
741
118
241
550
859
151
671
3
352
478
944
518
371
449
611
258
62
822
504
468
630
688
427
634
215
833
531
506
473
957
850
214
426
90
763
285
593
785
639
296
262
582
813
985
31
423
242
444
596
97
264
226
784
690
211
999
522
93
856
994
49
57
559
827
147
321
463
739
458
101
386
71
34
198
55
416
973
648
860
920
96
475
497
880
164
708
230
37
800
437
30
201
494
589
379
640
261
841
730
718
941
115
789
326
664
195
742
988
843
953
908
938
427
756
169
942
463
750
978
615
187
359
815
680
299
193
671
560
385
400
629
325
866
417
2
881
964
95
869
806
47
128
95
825
883
616
118
698
365
447
312
903
806
126
582
104
670
252
15
54
3
644
730
220
412
731
101
375
826
321
532
224
800
979
401
682
946
518
731
310
965
42
565
122
167
146
577
188
750
592
241
752
587
970
324
998
53
424
373
230
96
256
453
895
234
853
928
179
723
659
841
39
700
405
512
219
902
88
406
651
31
999
403
617
320
78
615
372
501
339
601
948
594
406
842
180
610
121
358
332
779
550
722
831
954
233
49
856
673
806
858
703
156
612
672
476
689
286
847
541
976
800
488
921
205
681
100
814
802
810
498
932
359
219
762
665
804
162
872
476
320
729
530
475
341
201
950
29
838
797
570
813
948
57
734
152
90
185
965
891
994
814
174
705
33
936
369
188
449
240
15
768
320
544
595
660
745
544
689
934
692
610
99
639
18
184
790
107
368
107
349
714
920
875
418
304
810
138
491
