#seed = 1301
348
400
569
743
671
285
468
766
735
14
856
516
694
712
34
496
696
566
445
263
561
246
702
207
30
490
985
907
295
76
643
994
476
564
737
146
200
204
263
934
217
118
449
262
181
483
109
229
400
905
491
961
150
544
519
532
33
503
438
679
931
432
673
406
995
761
903
195
316
165
480
884
634
929
145
166
763
606
394
162
510
236
474
12
779
992
543
163
847
980
842
777
763
866
534
758
626
788
304
941
304
783
824
937
63
320
454
177
925
848
691
435
83
164
798
214
508
340
376
706
671
569
834
433
434
367
542
411
506
845
703
809
980
526
97
394
198
550
923
122
749
613
908
184
128
57
749
635
396
124
692
66
693
525
851
478
243
392
889
748
589
591
908
920
469
4
665
666
906
587
139
6
551
399
541
679
455
289
665
203
413
357
620
457
881
470
934
124
214
822
223
154
765
483
425
233
486
89
250
743
28
740
101
578
138
641
256
945
930
921
147
694
277
118
150
509
588
435
984
153
609
207
306
373
41
730
957
878
170
206
621
197
945
73
775
435
713
30
731
994
302
877
687
930
994
188
439
933
623
422
85
583
980
742
955
20
823
911
898
993
468
870
541
764
942
315
198
6
697
928
1000
998
156
38
928
502
226
366
786
200
139
223
134
471
316
88
490
139
350
739
483
169
608
23
932
901
690
482
907
386
761
258
383
269
295
662
122
872
379
907
423
870
481
556
340
797
995
829
287
696
920
769
216
879
143
148
780
832
981
38
217
741
647
952
361
293
965
482
165
344
741
939
213
221
847
552
369
193
732
655
889
651
775
104
530
918
603
661
101
583
50
670
676
696
621
388
988
937
870
504
632
610
795
844
182
641
747
551
833
831
205
73
833
332
177
714
249
131
726
701
66
775
370
93
822
342
480
810
279
349
665
910
310
459
106
844
451
204
394
284
386
950
356
219
281
884
284
881
15
10
582
432
784
951
524
606
293
355
767
923
56
783
184
365
242
641
208
692
845
953
327
230
903
683
800
183
918
84
416
284
93
997
715
228
299
590
185
943
945
303
865
1000
86
401
716
327
41
276
370
237
228
697
819
482
731
618
17
1000
53
432
284
497
780
350
725
78
940
909
21
884
564
237
235
649
637
302
327
678
577
696
266
157
744
84
638
826
54
6
826
106
789
109
603
568
458
679
646
749
939
666
984
502
902
218
150
891
520
476
920
448
524
185
604
619
269
594
797
322
599
622
779
388
82
733
307
891
411
952
640
702
969
975
203
223
193
705
113
64
532
32
511
55
568
467
26
836
60
822
509
10
795
288
749
228
20
56
470
783
7
461
484
328
436
686
550
980
742
14
43
274
397
905
680
964
371
705
800
430
878
660
792
24
947
540
603
319
595
73
453
954
533
936
281
968
973
182
947
67
547
341
340
943
246
19
906
616
76
57
398
305
717
541
329
15
80
931
685
27
355
489
980
888
776
612
855
101
145
154
167
691
494
506
985
739
876
242
707
951
299
456
256
367
996
936
733
75
218
770
453
925
258
784
812
34
395
18
486
891
171
652
933
17
157
917
107
384
159
813
335
809
620
942
175
615
229
259
42
798
28
494
722
638
630
885
23
24
903
508
267
425
511
199
441
19
116
548
402
626
712
88
434
684
29
960
298
609
218
691
407
598
537
480
587
166
365
609
541
267
468
807
43
978
358
484
996
825
383
397
450
446
485
883
129
865
842
779
826
411
821
232
360
709
63
946
874
427
906
767
45
725
925
88
702
282
923
49
106
305
798
907
102
634
789
231
850
982
361
675
745
181
258
104
890
321
402
115
99
307
233
144
32
158
583
85
791
505
134
249
161
283
155
262
916
296
844
765
629
556
440
373
737
697
829
978
369
230
444
468
888
677
611
919
186
193
356
976
49
841
576
209
123
731
822
390
378
666
154
6
221
945
379
309
994
207
638
362
436
434
829
675
110
791
594
647
335
301
974
383
141
550
591
263
632
413
652
9
430
157
14
2
102
744
663
95
302
300
808
737
733
637
412
194
427
357
192
762
9
166
496
149
67
87
763
698
851
766
58
632
274
423
633
375
167
295
821
468
947
629
557
679
617
320
225
395
28
416
156
36
933
652
536
999
90
298
696
292
415
105
923
688
528
907
415
694
202
587
513
500
567
69
530
183
740
754
578
767
522
85
154
454
88
689
453
529
338
500
820
752
605
94
792
132
353
558
825
554
144
689
405
711
758
934
245
497
688
174
616
209
259
769
14
698
458
466
227
795
966
398
899
570
492
42
53
844
599
877
749
742
565
153
804
674
438
49
523
125
222
138
685
832
258
699
530
715
516
756
862
481
153
112
402
996
153
454
191
751
682
291
844
599
795
648
272
233
48
146
709
621
283
394
453
541
444
334
607
959
441
820
792
945
931
193
293
435
647
483
185
680
774
29
278
920
28
902
152
75
47
861
47
330
606
499
222
401
184
180
359
624
1000
502
921
282
695
213
717
693
695
253
372
820
281
650
92
660
551
243
734
597
455
781
278
412
631
851
812
167
31
523
142
382
24
62
15
718
274
731
762
321
336
134
492
968
135
583
628
37
826
713
985
632
493
615
44
476
465
855
994
847
377
135
228
401
197
595
470
822
325
232
142
12
717
986
980
203
568
607
239
745
319
223
377
164
837
420
991
654
626
984
500
355
470
80
755
666
674
576
488
350
159
981
362
875
966
341
77
886
299
667
630
969
242
358
484
78
129
826
83
755
161
935
109
631
14
215
296
39
142
135
388
301
468
101
527
785
441
956
670
91
622
652
412
863
9
247
293
138
73
375
892
233
309
352
215
674
918
863
712
59
349
100
711
816
552
238
953
345
193
622
435
166
273
198
29
634
445
673
771
869
399
14
453
60
717
668
733
634
530
797
44
878
248
107
46
799
344
998
143
888
971
578
53
596
775
433
229
571
105
351
439
504
364
892
915
432
559
647
65
440
443
460
669
690
566
66
489
261
415
631
148
386
560
553
333
687
337
913
257
794
263
48
649
978
939
563
409
849
209
825
640
4
636
308
693
554
726
533
814
140
164
314
877
75
218
209
761
554
473
370
347
87
417
995
64
707
557
824
907
118
1000
546
121
636
205
813
189
930
698
354
422
213
667
298
287
884
859
400
438
331
769
136
418
537
131
833
595
39
657
501
156
8
398
276
643
954
441
183
236
138
537
657
350
203
306
636
439
164
35
876
847
155
363
616
43
493
800
637
532
456
489
687
816
886
315
458
192
755
993
427
244
529
435
593
83
740
580
521
256
967
748
454
121
111
69
164
955
868
152
838
676
641
525
491
878
191
300
421
945
292
847
188
172
633
132
607
373
711
127
980
677
227
433
150
689
501
665
643
720
816
481
395
808
357
237
38
547
889
458
843
180
657
382
704
289
513
310
13
575
788
344
252
14
776
753
54
628
417
697
348
584
529
94
744
237
683
781
135
571
590
977
102
598
710
805
239
222
114
603
796
254
947
399
619
722
151
673
702
919
721
49
503
249
494
598
837
176
730
971
746
671
947
848
269
8
652
507
229
118
109
376
723
407
775
341
481
277
13
182
196
733
230
50
333
75
647
169
251
728
139
996
398
437
195
666
444
199
524
24
668
985
400
390
391
526
730
871
802
743
52
997
827
633
46
160
708
44
680
958
771
819
305
169
607
852
186
51
50
710
426
717
46
825
458
436
350
187
659
152
281
62
500
108
695
898
619
754
941
298
711
64
468
367
232
75
218
769
477
619
830
902
335
875
727
792
663
428
331
321
579
611
382
431
70
428
328
688
181
268
338
243
331
805
962
914
879
179
35
355
798
864
257
484
739
335
628
753
762
310
425
693
920
158
123
342
586
450
29
118
717
366
361
400
171
322
665
401
852
699
756
1
915
364
837
5
698
464
757
459
773
181
151
44
338
273
385
923
74
766
393
791
483
753
542
5
426
558
406
277
257
513
630
171
876
466
527
925
281
283
735
405
463
886
800
152
510
537
427
936
302
819
726
136
571
619
493
348
176
250
976
784
762
605
306
989
422
832
265
702
114
999
458
928
236
258
80
98
794
506
33
447
676
110
934
246
728
426
945
255
675
920
39
788
877
696
128
298
528
392
352
993
743
809
921
978
66
352
75
211
209
107
657
884
216
943
481
295
368
425
550
395
696
940
534
572
635
662
222
514
405
573
507
147
381
779
477
799
130
551
361
338
10
18
573
577
960
53
224
679
829
125
73
524
64
607
448
50
620
669
916
376
593
422
875
973
200
351
123
681
253
484
370
614
853
942
191
164
994
766
842
822
890
267
697
305
225
144
354
196
812
621
571
404
42
445
729
593
147
203
273
400
38
642
13
890
935
555
405
280
320
599
101
209
865
150
865
441
293
571
636
457
191
558
212
233
3
292
825
149
495
450
900
884
443
913
774
378
819
530
657
491
128
110
51
344
259
916
784
903
486
771
711
676
329
923
260
683
214
437
831
60
886
83
944
680
347
69
57
165
950
66
655
78
175
706
421
785
621
557
687
458
327
750
133
7
672
745
689
237
181
872
649
418
954
944
97
300
364
154
816
313
219
823
742
745
528
163
529
500
71
567
957
749
316
441
756
339
537
796
928
717
667
576
134
620
519
231
271
234
736
87
546
954
261
288
50
788
802
578
639
224
496
947
972
164
739
79
502
276
875
429
992
541
356
478
513
226
708
135
459
443
573
357
748
833
996
149
620
149
726
610
372
573
556
343
736
647
422
590
922
296
370
265
188
726
742
700
951
801
835
410
595
759
118
694
592
113
842
563
261
919
173
632
492
80
326
579
726
99
168
647
746
538
912
934
615
5
985
565
806
171
326
400
930
443
94
521
907
935
83
167
854
255
150
697
687
476
275
412
926
795
411
672
684
322
605
298
678
589
214
483
112
540
235
41
334
680
561
241
966
995
407
171
602
909
867
288
736
494
699
661
640
109
332
675
782
288
324
812
229
537
294
340
428
880
380
762
559
292
2
525
286
760
695
239
20
914
526
755
407
577
416
398
37
99
72
171
387
395
982
967
931
627
306
711
507
685
472
65
328
825
941
965
936
988
204
956
901
81
710
659
657
477
56
46
928
127
216
666
873
197
632
155
823
937
865
681
973
336
98
652
512
390
616
448
377
171
755
277
252
816
287
260
293
694
305
572
820
872
237
44
68
868
199
243
156
63
275
480
751
372
131
262
762
746
61
138
917
815
767
520
983
405
779
275
99
84
198
270
955
434
314
375
653
512
969
160
926
243
639
676
967
769
290
728
866
702
217
782
869
335
301
851
740
80
477
190
515
674
459
821
459
124
195
111
635
515
270
561
758
260
588
76
28
229
803
893
931
371
27
799
706
327
649
797
758
477
338
624
150
796
445
608
272
991
70
906
858
691
818
615
950
758
690
977
986
844
221
268
566
247
66
623
926
66
771
35
542
108
659
43
256
455
650
527
797
71
784
654
761
602
620
710
359
661
38
696
856
259
964
422
857
381
44
782
447
815
817
340
922
827
735
529
633
384
55
781
807
839
435
567
792
406
277
502
67
314
197
922
924
512
695
781
893
739
562
691
553
730
382
826
908
116
355
892
852
761
673
658
599
459
224
742
864
852
243
282
166
440
556
441
303
250
221
195
988
135
885
892
216
267
70
124
734
776
367
585
536
39
242
487
849
466
228
713
317
471
994
834
262
901
275
564
151
847
759
490
981
995
734
197
613
803
672
347
578
38
931
465
429
525
951
277
990
179
989
658
649
335
844
262
235
118
825
737
316
935
227
297
282
312
493
894
114
164
592
43
553
875
507
981
399
458
258
740
988
598
397
988
284
592
249
871
61
425
607
377
360
185
673
641
496
517
886
961
32
830
3
584
704
862
917
102
671
174
841
10
123
589
997
407
533
245
277
593
669
235
969
380
420
993
372
915
861
610
228
892
439
582
828
142
443
744
595
465
269
787
474
391
727
470
797
259
66
425
852
87
660
172
818
79
517
542
345
377
151
572
269
589
506
96
82
300
839
28
765
459
814
590
849
540
412
998
799
477
422
2
915
81
173
733
511
41
274
208
418
776
131
686
716
636
133
149
936
323
176
52
781
989
641
629
528
52
978
678
881
400
679
795
832
204
879
695
244
504
902
661
279
384
698
346
20
830
494
307
504
669
358
284
9
350
265
537
402
242
566
282
641
245
428
825
448
307
519
43
162
772
704
793
155
753
138
526
583
984
184
86
4
893
722
13
243
986
901
644
579
466
277
572
710
56
396
509
714
266
552
876
389
607
668
895
359
157
421
293
492
956
731
496
849
452
508
91
789
408
86
367
873
362
290
935
769
685
443
483
302
346
358
690
304
377
585
663
885
357
307
377
312
37
224
160
840
731
602
980
490
687
347
714
400
636
648
169
673
443
651
326
140
360
16
444
88
952
458
324
660
764
52
323
153
275
835
992
5
436
972
846
123
670
560
874
657
207
42
329
1
44
655
141
755
22
584
194
325
393
518
984
156
569
658
308
196
492
652
552
928
623
398
402
292
957
627
948
515
21
629
516
64
635
8
171
8
591
364
332
335
233
667
490
154
324
150
349
816
801
252
95
423
649
496
66
957
122
365
472
142
345
339
558
979
346
80
338
288
795
669
622
380
335
463
533
659
612
233
826
412
484
920
186
133
767
603
441
240
320
912
734
664
602
291
995
947
722
332
234
516
353
207
895
687
670
779
697
633
11
874
45
847
793
582
331
911
537
771
151
856
35
884
871
636
526
217
583
247
549
168
114
253
727
9
291
396
139
340
28
502
213
424
348
358
358
678
268
894
800
418
101
834
653
971
470
178
188
404
776
88
923
890
692
649
250
982
396
388
321
424
889
534
199
588
891
908
265
158
153
417
928
253
250
580
576
71
110
115
474
885
554
749
126
245
397
727
226
793
115
547
568
355
432
118
943
322
26
559
831
178
327
110
783
577
42
358
999
151
824
825
387
377
573
865
621
969
591
198
113
57
96
32
412
527
150
706
200
527
616
383
704
943
492
838
871
533
547
869
35
370
693
422
98
617
638
70
938
228
268
50
285
363
82
48
890
583
105
441
109
72
823
164
14
667
2
236
199
900
457
586
270
149
359
719
118
996
789
55
223
56
456
859
770
889
258
11
471
362
452
931
786
626
95
799
292
448
387
843
347
843
428
968
343
786
687
460
781
827
866
355
882
322
566
651
210
823
662
33
537
465
963
322
90
409
472
382
856
858
224
555
52
3
874
395
788
912
854
920
738
720
626
971
393
543
622
954
366
635
986
254
99
301
575
188
709
398
921
917
608
144
823
659
498
696
53
637
960
259
908
697
330
534
20
722
76
993
675
793
627
13
46
77
313
972
264
21
722
537
937
329
680
111
987
530
807
392
166
766
650
74
814
331
959
185
52
386
177
78
531
803
90
928
879
402
900
495
775
973
31
63
301
62
174
639
943
332
382
109
449
31
534
614
713
492
799
764
877
975
194
407
130
283
335
360
37
586
206
163
558
236
225
210
650
398
200
592
729
582
52
529
964
585
143
677
76
941
792
305
915
985
63
44
620
749
756
8
334
961
170
243
549
746
804
198
496
4
141
576
937
193
105
252
129
247
280
205
187
72
861
453
408
923
497
379
672
604
386
357
564
907
952
112
653
755
661
148
110
154
723
398
346
827
650
826
73
929
382
611
352
242
64
760
517
912
138
188
515
876
896
78
134
847
542
786
602
202
285
63
355
8
461
52
186
462
878
611
742
259
221
94
853
284
853
369
195
342
908
709
569
803
139
703
650
680
840
603
233
125
17
588
132
829
991
669
290
220
279
32
831
500
125
683
135
329
51
682
22
310
742
591
112
880
645
113
911
484
67
144
608
84
83
91
912
73
760
554
645
390
937
475
241
413
157
376
741
559
57
114
220
798
56
331
30
700
444
940
184
510
435
143
945
517
234
857
942
345
762
586
734
698
412
975
110
920
702
202
830
110
315
49
907
723
379
288
422
174
228
957
36
662
100
980
531
685
188
472
29
949
409
114
998
820
440
459
91
141
660
920
602
327
968
861
49
346
148
822
872
727
779
907
741
230
238
271
914
426
94
294
726
854
407
724
25
199
534
115
691
546
34
293
872
1
153
272
698
300
445
569
379
575
827
119
804
65
389
69
490
834
362
567
687
121
642
711
671
176
177
361
721
210
653
944
562
157
567
259
457
11
180
835
586
6
305
741
70
693
810
911
878
523
478
916
995
119
978
665
646
154
26
366
715
30
661
276
187
227
886
643
590
65
829
527
423
485
619
844
529
780
107
406
303
936
321
297
406
298
314
52
803
339
769
517
368
430
792
906
8
677
900
949
94
728
827
868
564
446
63
92
225
169
497
527
104
169
176
862
466
841
913
268
179
681
784
898
462
927
156
822
956
55
770
401
135
597
620
698
42
682
790
266
203
286
145
658
455
672
519
272
512
431
892
42
464
27
291
925
954
446
746
909
501
868
661
635
464
280
684
857
313
473
474
515
111
970
173
565
641
43
188
504
474
79
897
289
106
188
565
411
985
663
671
837
530
331
471
345
962
507
553
274
979
26
789
89
996
313
5
988
355
193
844
180
623
740
468
80
279
385
490
264
47
160
100
576
842
923
272
803
429
824
77
407
201
865
848
548
529
852
888
883
396
731
63
371
470
882
450
101
266
292
364
312
451
815
239
645
737
862
447
517
37
875
276
238
91
123
785
619
326
672
854
722
754
268
92
576
149
541
676
767
832
39
430
635
853
21
631
942
882
429
458
919
304
733
508
394
207
644
365
533
668
218
254
421
485
697
996
985
589
23
751
773
61
181
759
266
553
389
207
434
817
16
704
472
101
211
866
307
855
582
839
522
799
444
294
635
492
290
619
81
312
370
205
725
902
963
342
454
703
900
239
519
915
943
343
367
505
208
674
359
141
864
232
939
308
526
573
151
167
543
231
830
264
435
906
517
749
247
970
451
146
561
322
413
855
664
779
359
223
804
70
363
668
301
653
327
178
577
477
696
119
60
878
383
494
783
899
595
382
221
45
527
781
718
291
987
381
422
345
955
225
414
317
244
67
969
570
596
545
47
292
16
106
169
398
951
951
648
897
332
868
294
211
1000
11
853
986
744
274
683
698
851
448
15
94
514
335
16
110
232
62
401
247
519
921
996
821
871
643
718
555
863
363
117
214
373
969
200
116
595
234
166
797
681
532
890
195
218
905
656
449
318
408
695
188
328
42
9
550
685
78
104
547
440
572
760
164
541
311
632
487
896
797
283
577
680
524
123
897
429
778
346
98
185
392
286
512
434
646
61
118
75
517
16
866
88
127
29
980
438
660
818
333
808
100
261
487
976
383
384
756
160
81
853
696
472
490
559
905
135
972
374
209
488
389
74
927
516
455
259
305
114
76
989
274
528
250
760
503
632
495
258
144
575
462
191
47
952
102
303
86
73
29
647
912
769
72
190
636
526
448
940
992
876
281
617
403
530
728
257
513
223
514
8
797
327
551
195
278
652
850
716
76
878
714
987
998
785
176
634
663
976
925
654
851
205
622
253
86
349
509
951
571
374
310
720
700
860
266
330
863
467
45
938
696
758
924
694
542
452
327
556
427
603
561
629
160
182
881
597
531
741
547
101
466
209
172
517
68
438
846
283
904
890
220
600
647
496
645
541
947
323
96
725
925
9
353
84
190
585
681
720
677
579
173
142
787
344
658
207
133
504
489
389
745
708
988
392
203
984
284
501
306
731
225
230
739
929
666
929
865
698
1000
541
276
172
34
415
868
44
973
1000
547
461
740
291
520
79
34
75
62
669
575
367
400
152
597
490
80
614
770
297
311
770
837
938
293
871
704
512
914
676
864
812
136
603
454
656
682
840
82
743
508
656
110
259
159
58
101
591
23
870
887
333
639
723
622
284
945
326
795
210
1
658
373
489
261
827
496
294
18
577
36
877
232
497
488
391
906
588
981
928
457
219
612
448
941
234
731
238
911
877
447
911
887
820
399
147
998
894
440
367
470
827
243
54
324
730
796
581
317
128
509
126
346
120
573
638
705
655
875
615
531
674
878
417
845
276
915
194
522
706
560
343
885
154
396
560
884
543
140
552
670
648
677
367
120
601
5
176
255
231
791
138
904
20
906
100
295
173
293
168
230
204
511
114
358
258
673
593
801
813
496
822
812
525
189
283
125
545
459
732
775
601
869
31
620
126
482
266
298
775
434
880
330
944
993
39
553
18
631
353
182
127
175
993
651
715
628
127
259
86
858
385
38
78
767
657
204
249
274
853
375
707
732
704
2
77
743
555
94
725
259
275
203
785
619
205
499
246
332
109
683
541
494
720
619
260
728
174
860
2
26
234
60
110
290
414
186
384
320
631
108
578
905
311
363
875
867
213
121
198
322
155
739
167
875
709
426
602
882
638
955
259
871
15
368
512
780
905
895
99
535
355
676
791
17
390
18
883
603
138
433
924
292
171
90
518
231
867
472
112
504
778
370
727
144
90
590
923
346
485
21
881
191
697
23
207
438
40
89
40
529
521
315
173
43
756
42
625
975
513
736
478
291
458
556
434
899
146
709
244
982
729
476
172
777
499
378
215
890
818
606
771
691
921
295
85
28
336
710
2
201
797
832
843
254
387
628
152
884
336
396
865
65
871
388
841
721
117
407
963
935
13
85
977
285
379
61
312
66
770
314
266
567
145
108
172
883
736
324
119
71
71
335
487
293
723
328
14
839
86
328
125
98
412
101
734
142
162
46
207
283
711
473
201
207
932
373
441
19
48
559
442
470
894
928
762
616
607
127
806
693
454
931
142
217
31
876
358
544
273
565
827
335
389
379
541
320
103
333
691
150
892
132
619
785
59
733
752
666
859
909
710
665
839
851
881
222
78
591
765
702
155
943
36
895
322
928
566
424
261
256
926
152
387
896
288
798
628
391
463
839
299
524
503
490
726
735
711
156
677
475
857
183
418
893
77
91
172
643
514
432
250
439
935
637
335
222
434
314
964
248
152
263
123
6
104
848
93
814
3
769
288
860
304
57
104
380
147
275
374
13
707
624
451
641
612
137
215
45
451
530
644
954
144
766
312
247
613
404
60
968
524
700
179
179
108
282
559
255
908
284
267
966
907
69
607
518
558
173
914
360
702
909
313
846
674
976
444
639
731
504
606
607
555
784
785
662
417
343
268
324
979
534
290
885
955
248
755
864
772
20
223
825
929
887
22
602
863
466
592
593
969
549
199
523
332
984
536
100
678
804
776
656
689
417
893
643
16
999
506
787
18
80
611
