#seed = 101
467
380
402
126
871
81
213
361
421
422
73
871
984
800
187
61
346
1
91
789
40
92
948
695
544
184
710
837
327
279
232
146
11
633
271
881
713
835
241
485
257
665
707
592
817
894
5
514
894
447
654
933
538
602
627
82
137
688
270
815
967
502
312
977
134
583
209
847
769
801
683
377
817
390
969
633
283
325
498
176
771
152
461
309
105
439
742
241
127
11
407
445
512
719
421
646
653
981
844
421
133
526
798
949
915
118
934
549
794
431
725
564
582
537
224
686
975
965
278
101
328
685
545
839
755
317
836
407
649
31
179
781
909
976
730
175
445
663
724
238
93
800
154
675
336
377
360
310
694
638
763
21
674
659
211
428
976
399
834
976
781
12
757
689
340
486
216
136
500
939
726
944
90
879
618
425
607
330
86
300
319
200
672
344
859
883
771
186
633
956
161
413
319
269
454
10
106
669
146
605
959
871
549
400
101
518
824
707
199
261
359
517
813
30
860
671
264
982
208
896
937
720
661
608
989
466
617
94
486
114
51
796
336
951
195
436
820
370
495
19
982
853
887
794
882
99
816
146
80
23
393
369
95
405
328
83
222
944
528
59
410
930
854
745
232
400
181
52
769
675
70
751
527
308
896
760
406
712
257
838
86
650
558
180
406
237
614
980
532
494
38
941
423
892
686
7
643
866
58
412
892
479
514
418
786
409
177
544
472
434
733
910
435
642
89
192
878
55
171
409
900
561
350
674
452
35
680
94
252
737
857
143
215
722
912
353
131
440
248
954
225
980
863
659
973
304
203
202
710
725
610
609
285
311
282
88
697
962
534
948
698
390
442
265
112
353
969
594
793
216
899
17
547
762
28
519
417
230
720
126
306
681
734
591
992
15
678
688
976
563
988
26
953
429
290
416
782
258
361
926
825
259
942
371
20
969
241
436
550
960
561
208
992
646
798
983
661
827
23
636
390
362
13
694
790
302
109
923
911
469
848
735
727
142
457
99
110
697
886
12
8
799
571
1000
444
368
334
104
546
708
92
287
69
104
980
211
758
440
485
20
260
333
107
339
474
563
437
935
612
674
298
619
472
868
970
916
587
304
371
485
363
462
771
784
918
103
346
675
894
830
46
154
514
152
492
987
715
280
274
678
305
923
296
777
143
266
44
729
921
414
565
635
228
336
418
145
790
115
171
683
945
216
188
458
368
31
797
434
662
422
111
967
344
758
743
486
375
138
567
647
551
131
282
130
818
51
274
607
166
444
642
110
12
829
919
379
212
715
164
873
136
274
839
832
31
933
317
758
70
883
404
973
366
685
102
183
88
376
142
253
171
783
714
182
963
632
912
174
699
75
47
186
700
237
17
83
170
334
840
239
568
243
563
933
280
665
468
367
392
609
619
914
743
684
96
57
315
359
231
365
786
629
551
485
865
567
567
386
252
758
977
172
1
539
456
280
555
923
646
946
883
616
860
625
299
307
34
965
665
616
330
450
596
232
287
812
798
205
198
402
963
174
573
315
64
380
946
619
303
591
916
537
558
127
514
208
433
547
172
450
162
853
251
757
84
889
568
234
94
117
987
56
290
911
722
706
290
667
676
944
609
591
481
166
718
994
373
502
540
896
303
53
749
906
809
184
794
728
769
887
845
755
294
486
665
15
191
955
681
218
898
641
809
730
806
878
723
530
731
262
778
386
314
878
291
474
413
84
202
182
971
398
936
616
883
953
631
426
259
663
643
508
656
803
238
813
32
960
343
115
574
472
500
887
349
790
713
761
873
914
294
195
663
230
163
545
534
145
322
792
159
317
299
814
471
536
627
855
496
321
969
69
792
820
307
492
961
19
604
185
284
898
380
298
479
894
195
12
38
516
803
196
184
101
10
655
989
636
861
836
956
181
256
99
1000
562
590
960
933
193
144
568
442
875
866
920
768
60
931
805
927
733
353
111
186
362
117
174
997
329
361
304
509
616
402
508
529
343
819
461
887
314
381
329
541
598
248
660
9
531
817
935
615
169
397
800
530
865
325
878
193
37
181
53
652
934
912
181
276
730
993
162
396
373
842
936
322
442
595
330
972
411
617
586
579
365
738
460
230
414
337
774
451
869
179
102
802
90
282
429
820
627
591
567
999
784
502
321
225
448
2
196
211
618
134
141
983
871
601
564
284
289
337
86
158
515
540
959
957
173
388
128
799
330
694
150
113
195
470
690
994
823
885
204
441
18
345
423
240
945
986
876
233
674
961
742
541
852
53
497
25
440
976
823
121
669
972
585
863
793
274
208
616
511
412
56
880
756
830
472
52
167
347
636
192
659
378
84
863
430
932
887
221
907
709
693
575
681
629
789
473
255
997
440
117
408
495
996
515
676
819
918
842
517
553
34
528
282
117
390
63
49
276
635
307
984
679
882
16
308
670
841
562
666
280
30
425
127
377
291
802
196
208
996
712
113
29
591
746
497
980
809
897
255
795
204
591
474
85
958
133
106
150
694
124
430
75
548
908
451
839
709
646
398
56
710
510
84
300
256
933
280
416
181
886
562
384
828
35
820
786
167
926
935
212
401
716
286
948
623
737
138
684
734
888
739
443
749
175
743
4
107
22
771
639
259
333
23
87
719
194
872
238
471
158
801
871
874
439
171
848
175
660
531
260
547
622
703
296
148
445
651
606
818
774
244
76
458
266
162
176
812
385
765
282
543
566
153
768
4
675
615
530
334
498
789
881
471
491
176
618
287
178
223
104
951
466
180
408
84
693
584
895
78
348
528
620
265
32
387
268
706
353
797
40
850
586
920
320
428
447
937
715
624
159
818
575
977
349
982
60
42
917
306
119
617
833
738
233
865
476
501
922
828
649
961
678
586
880
349
14
678
638
728
302
148
897
228
124
246
561
535
287
478
840
757
446
25
846
678
241
321
530
162
500
179
123
529
764
354
878
129
32
515
208
685
662
105
912
138
702
472
672
340
301
864
96
98
240
941
776
480
613
305
993
112
835
467
641
951
173
870
79
556
384
287
240
397
743
503
886
444
326
558
783
627
773
230
76
12
522
851
843
134
508
835
597
694
654
589
644
826
458
723
381
193
9
620
590
103
474
827
546
799
736
680
777
508
909
853
871
782
55
713
267
914
900
863
608
905
452
251
730
261
325
110
454
685
81
395
787
906
221
332
704
957
11
833
464
271
37
687
52
443
751
318
357
2
533
316
906
984
566
635
244
891
96
49
927
176
443
714
433
664
45
137
620
408
321
435
30
357
121
82
799
224
751
507
225
283
822
131
618
740
117
214
982
213
262
908
740
705
621
173
720
18
661
691
425
981
125
806
689
598
887
839
821
990
346
397
272
167
527
242
906
996
807
239
208
68
147
299
124
767
471
843
784
483
533
560
815
10
366
503
607
604
342
779
593
687
175
217
205
54
810
463
49
616
701
608
35
847
906
159
966
729
353
101
211
886
13
26
247
730
880
205
333
221
335
278
259
509
846
816
914
7
278
962
622
330
921
656
529
827
166
494
907
519
946
469
756
958
846
2
687
726
206
372
298
540
1
909
400
198
724
666
204
353
627
177
682
900
832
562
726
350
407
632
868
353
100
623
662
298
976
701
23
533
424
320
424
424
580
823
973
303
840
176
7
467
352
41
718
535
602
443
884
9
426
751
713
877
725
726
174
700
426
548
584
201
220
7
976
799
182
948
102
21
123
460
839
826
500
556
361
454
350
596
462
775
347
526
4
423
251
529
475
29
77
58
581
296
65
557
94
598
504
547
618
979
7
457
156
858
364
868
311
714
464
124
840
162
649
843
584
252
372
58
632
800
468
212
95
884
120
188
481
976
87
450
306
93
258
461
950
622
329
613
335
792
736
526
953
737
721
888
988
92
298
971
891
765
182
337
1000
302
524
480
277
610
929
582
54
187
394
356
160
722
968
846
865
703
371
169
791
91
57
778
534
354
748
776
470
282
112
469
935
988
300
211
949
580
144
3
118
889
358
277
963
677
122
827
731
845
996
522
287
404
651
821
109
399
948
930
32
60
750
966
47
49
528
995
628
23
349
98
911
58
374
873
734
848
52
817
44
47
338
330
802
340
502
910
90
450
191
121
509
940
86
907
988
613
253
967
635
602
64
898
659
790
770
745
989
821
561
32
219
250
713
20
589
215
281
679
16
471
799
524
410
237
782
749
849
34
716
836
987
131
733
646
920
854
742
260
675
654
643
893
903
356
265
843
922
897
873
937
368
24
812
129
260
593
878
460
978
945
647
965
75
379
962
347
585
55
606
259
708
601
503
962
308
119
156
229
16
29
517
735
404
680
863
15
624
92
826
601
36
473
917
463
203
230
161
787
284
118
397
991
718
900
304
25
18
460
605
385
840
473
119
243
152
334
609
775
425
434
376
813
258
644
627
461
874
787
599
157
904
996
500
974
247
155
998
616
614
955
1
805
427
119
399
579
452
7
353
229
441
80
393
50
724
19
862
949
157
461
457
60
808
308
385
406
463
383
21
76
689
373
881
115
492
279
693
295
638
398
875
430
829
267
479
904
637
341
852
793
153
309
205
312
616
589
717
78
323
89
506
11
462
738
126
305
368
170
951
5
919
826
786
748
444
265
651
81
957
855
225
109
163
781
420
130
370
488
560
692
576
417
55
389
154
180
693
873
701
644
878
620
821
663
719
264
279
369
696
235
223
273
695
737
53
466
219
422
953
778
466
881
194
520
269
699
51
314
571
103
309
800
74
129
463
792
744
93
513
440
328
735
64
22
824
116
840
42
890
792
171
707
24
364
226
645
62
628
958
984
82
266
784
156
746
598
947
489
690
459
280
369
546
343
743
369
459
582
762
700
725
932
406
749
647
631
393
708
610
350
691
691
967
826
846
712
423
145
200
113
603
480
833
500
174
575
868
632
156
981
331
881
912
88
981
558
70
373
617
679
74
660
722
392
485
919
103
908
63
654
372
666
485
204
517
659
131
385
642
638
717
325
518
629
412
498
538
482
222
155
512
295
166
233
686
650
152
140
909
214
794
632
231
630
188
748
288
318
484
282
955
200
606
825
180
17
674
718
850
896
224
362
542
389
594
580
390
97
719
651
311
864
634
893
494
821
992
133
490
827
414
797
27
371
621
558
388
646
627
589
541
850
950
435
590
896
14
332
992
84
982
654
300
967
547
793
788
890
277
629
717
43
425
95
413
397
4
152
43
631
741
935
480
690
721
422
585
734
753
929
170
86
582
469
52
480
613
191
370
241
172
438
283
596
532
696
345
535
847
387
517
939
673
997
629
746
770
565
831
522
493
1000
959
75
820
10
906
432
553
275
673
724
64
955
671
595
2
15
482
201
753
998
139
778
346
119
523
115
36
353
988
528
353
946
954
172
308
860
956
212
486
628
287
550
934
957
496
288
972
329
840
76
679
978
853
24
449
375
491
484
80
830
363
432
128
317
955
435
528
910
998
365
889
284
914
175
240
762
814
563
90
653
991
768
982
843
144
430
570
986
913
649
815
276
432
942
944
386
728
823
648
77
187
888
360
453
414
952
214
227
866
655
231
856
423
213
699
918
994
620
255
259
268
69
886
51
363
829
788
442
3
787
871
189
675
582
993
440
533
206
19
751
213
249
606
635
813
656
904
807
275
158
65
894
578
950
944
292
130
84
86
132
870
956
672
544
537
665
336
422
222
354
172
434
602
777
420
415
785
323
573
411
832
637
305
762
938
600
405
67
683
490
198
553
797
221
448
686
885
135
107
459
488
630
892
442
758
664
208
542
338
780
953
170
768
609
283
705
560
687
771
595
529
320
499
325
892
946
10
129
433
468
587
920
449
830
713
207
493
920
100
831
51
52
352
818
12
634
874
572
672
996
166
200
667
664
525
559
961
886
687
393
706
625
665
154
454
377
360
299
649
460
129
699
863
832
869
227
465
94
798
488
90
315
688
756
330
564
666
290
449
704
35
506
328
51
660
134
779
371
432
427
182
912
478
45
743
698
271
559
791
420
398
880
86
85
988
415
648
5
704
449
709
90
954
388
140
965
521
919
336
304
697
517
567
174
561
661
871
183
571
662
954
969
893
39
53
232
453
53
237
509
501
945
598
806
332
90
771
205
360
106
860
56
622
427
230
535
439
452
69
10
465
23
978
710
413
382
941
866
434
177
374
286
473
323
92
157
412
862
361
771
967
572
179
940
998
408
474
789
211
543
798
676
917
127
385
329
508
677
546
294
854
919
579
678
594
670
834
357
531
194
480
849
118
658
789
467
417
262
255
979
156
52
654
424
530
390
753
38
419
298
683
624
569
261
301
514
931
135
870
813
680
701
662
797
358
450
264
126
63
518
105
219
922
110
994
451
852
98
840
270
396
522
893
316
783
545
181
65
679
50
229
711
103
890
507
460
339
122
938
754
640
42
972
913
503
317
363
354
415
555
975
162
428
219
477
562
764
657
626
794
58
855
504
160
96
11
972
435
132
261
540
123
654
511
35
156
179
750
862
593
656
836
754
83
55
582
645
170
590
622
963
648
476
467
159
924
829
482
710
312
94
249
787
747
111
173
903
289
274
764
882
929
951
635
364
357
217
8
526
806
981
841
805
809
659
316
732
839
149
441
502
243
689
288
989
799
461
891
87
734
6
968
15
309
955
378
665
171
737
543
976
717
383
133
525
393
448
256
231
596
696
732
838
736
372
179
534
832
421
621
917
427
940
283
735
894
12
751
64
748
293
392
817
27
876
693
419
323
949
1
270
996
85
460
732
808
638
617
991
58
589
907
836
529
542
922
774
553
673
838
653
965
581
469
344
808
513
114
130
461
467
751
809
903
562
892
710
199
860
700
609
449
958
796
329
499
718
102
404
390
939
56
706
871
876
401
678
388
515
159
201
981
262
361
883
823
252
944
374
463
643
982
911
952
777
239
451
494
341
206
235
631
261
293
854
488
693
531
227
559
42
427
539
303
787
773
477
390
68
850
853
710
183
115
14
960
354
816
805
46
21
392
676
633
36
529
120
728
412
346
287
805
125
177
107
263
302
935
653
369
785
857
431
967
971
444
278
676
259
435
721
631
826
749
263
213
629
734
940
40
431
578
844
555
107
302
818
408
237
822
128
373
30
558
691
352
353
969
28
963
755
100
593
932
848
207
144
829
940
435
868
723
13
64
277
119
365
446
878
953
619
5
677
648
915
368
1000
619
688
379
582
442
478
526
725
678
85
868
506
376
302
725
98
666
788
727
784
505
524
13
809
143
18
838
142
284
205
141
902
244
871
483
37
701
361
761
730
445
980
587
820
281
311
918
299
451
996
434
307
519
447
115
661
816
952
803
99
508
295
1000
103
518
835
139
218
195
899
947
991
230
533
810
863
195
79
161
997
74
594
303
593
40
770
605
855
73
759
953
933
406
305
35
923
139
174
140
685
424
438
675
654
322
836
516
868
915
28
865
340
621
519
284
661
288
889
867
713
999
172
645
404
476
679
326
966
204
817
2
628
254
676
633
927
511
500
795
777
527
11
117
147
529
400
159
817
640
378
881
639
549
525
42
376
555
368
693
759
536
694
738
142
369
722
68
231
221
214
8
99
224
124
245
753
875
756
921
515
133
801
153
681
677
194
408
231
913
100
989
801
793
78
942
161
799
9
391
19
223
750
117
798
873
714
550
748
469
822
614
953
622
766
985
298
311
392
881
576
491
869
376
283
299
317
795
97
677
537
468
251
639
936
49
511
649
950
610
469
772
223
421
745
340
757
395
651
148
275
578
990
495
953
624
793
621
770
890
297
307
357
548
945
644
596
807
293
897
769
113
668
343
886
413
683
642
807
685
142
433
614
131
927
918
755
720
538
524
961
186
182
669
85
478
312
680
637
956
929
405
421
596
99
306
360
133
299
518
169
440
950
782
923
229
699
29
300
588
552
260
774
86
280
858
563
943
890
199
899
818
955
671
765
54
328
125
538
626
642
707
418
944
488
340
172
539
368
471
126
271
82
251
356
361
461
271
303
350
821
553
519
776
575
283
181
902
407
718
528
401
776
297
344
616
636
515
154
355
337
631
977
418
882
685
130
342
955
784
43
775
689
561
902
263
195
434
165
602
504
692
2
279
340
697
894
975
563
399
681
899
382
657
316
263
693
445
956
647
580
350
774
268
910
27
531
456
461
695
57
316
738
410
594
77
458
840
403
20
590
83
918
971
91
585
585
136
381
540
782
961
241
907
228
502
934
758
958
394
804
14
709
541
776
654
969
233
845
371
605
435
805
522
405
248
107
990
383
839
881
516
799
122
423
379
623
356
136
580
101
292
946
161
832
73
814
801
657
11
523
261
445
328
783
201
575
241
542
309
431
775
824
230
896
246
960
870
601
447
802
53
738
99
213
922
171
379
74
179
389
596
440
185
275
574
385
201
166
279
509
596
53
333
177
948
930
136
169
883
583
970
935
320
420
148
593
590
526
666
769
266
262
560
450
536
133
186
89
298
464
597
245
516
281
422
815
211
557
336
93
491
305
27
163
77
526
755
666
403
421
786
668
34
345
469
921
829
655
9
478
470
606
723
986
238
144
152
448
52
487
892
895
144
271
57
220
796
811
237
551
231
375
218
264
71
39
537
900
693
545
377
514
502
99
499
740
594
3
539
998
841
431
892
984
701
948
555
848
110
792
398
341
166
616
956
236
654
492
487
698
389
864
211
890
314
62
981
260
416
520
609
256
950
500
592
2
799
146
849
908
937
247
600
454
214
908
42
219
751
528
268
139
743
478
381
409
891
361
668
306
880
276
914
181
127
505
182
277
650
31
184
939
277
784
392
842
43
433
60
793
961
327
932
55
156
664
463
47
24
482
704
256
757
617
436
235
121
618
511
123
1000
47
61
628
182
452
469
224
237
880
16
549
206
299
603
361
962
66
759
338
547
815
593
656
431
380
242
904
349
105
26
348
151
438
975
684
889
795
907
125
674
274
25
879
925
628
592
886
45
702
575
591
516
167
598
299
547
840
554
895
944
579
595
446
16
921
129
256
716
387
733
741
660
757
972
584
736
563
822
780
616
748
371
484
915
320
782
813
159
335
59
454
265
653
899
632
926
379
239
641
765
971
381
777
80
704
712
815
618
885
595
234
633
965
717
547
284
850
711
795
184
769
600
800
774
499
431
51
229
669
691
994
992
423
122
71
479
833
885
96
718
479
329
350
795
397
248
431
246
310
577
781
430
176
580
555
26
362
605
255
383
647
600
726
422
721
796
900
905
32
995
622
863
324
323
657
72
922
439
318
583
15
450
13
191
382
567
216
95
172
822
829
818
421
554
239
493
701
490
398
733
485
371
947
160
46
955
231
319
394
900
902
408
350
914
950
731
832
518
825
3
339
654
173
112
559
763
604
260
253
353
344
737
724
290
248
121
244
478
439
989
378
692
749
79
605
698
161
437
215
985
791
906
990
315
17
901
78
972
160
330
677
855
418
752
496
665
872
91
494
662
80
223
354
180
301
310
877
461
98
444
798
889
701
139
203
69
39
632
40
550
313
716
756
730
467
251
746
690
694
592
352
773
814
57
952
467
366
180
279
464
975
76
704
675
567
258
743
605
890
135
507
554
202
262
284
21
513
381
710
206
324
413
330
138
469
633
956
187
164
234
2
139
662
705
165
228
314
908
184
555
394
690
109
595
304
744
615
816
124
677
373
800
89
54
937
910
38
244
96
201
477
97
691
490
153
856
69
466
115
253
21
860
294
129
454
597
872
421
764
347
449
488
146
889
893
434
798
930
677
893
483
506
341
173
995
493
380
416
959
494
20
331
353
313
459
159
262
682
931
377
380
379
865
526
267
757
311
417
39
340
309
521
845
2
693
191
494
73
958
804
918
977
486
271
290
296
781
903
977
711
279
709
441
495
586
59
604
896
475
642
235
136
162
431
137
854
974
982
278
931
138
196
908
623
818
549
919
598
803
895
660
81
603
452
928
540
510
531
436
985
172
22
472
333
805
608
538
778
941
816
60
78
363
319
701
180
219
971
129
21
217
140
454
172
591
381
711
452
263
146
436
434
168
259
118
324
866
655
101
159
822
512
236
184
831
288
715
49
258
843
422
475
334
875
646
924
607
356
376
869
854
163
654
373
422
771
696
639
777
148
797
951
659
385
486
841
24
201
890
282
395
311
108
729
537
753
4
143
460
731
11
313
246
664
685
667
786
732
657
914
879
806
864
538
190
350
378
565
902
619
846
296
281
953
376
817
57
732
959
869
462
321
533
707
336
570
725
121
301
734
35
180
539
250
69
80
599
446
996
852
417
842
148
697
146
875
866
555
606
176
775
420
497
307
478
184
876
555
305
177
288
691
708
178
292
776
609
243
573
604
94
989
797
593
38
295
468
903
849
73
78
623
844
926
281
322
110
157
876
766
333
515
808
392
44
99
167
4
341
739
959
435
80
756
379
117
402
846
19
250
271
448
224
114
374
504
787
835
12
14
600
696
528
759
87
923
857
253
926
550
344
237
336
423
992
714
891
393
560
909
994
182
708
569
295
433
424
434
267
436
447
218
131
327
976
218
249
833
470
527
734
165
763
69
587
106
782
477
850
693
737
195
874
797
763
169
229
538
602
496
973
400
713
104
726
41
321
975
873
142
853
606
659
615
26
597
72
807
74
273
500
162
467
373
958
581
893
539
118
846
34
91
246
98
546
971
138
218
297
362
359
149
319
369
115
344
966
186
503
391
810
2
552
276
726
862
208
619
400
326
816
785
768
61
234
313
32
724
530
328
85
240
829
756
609
943
451
574
481
953
964
290
954
867
918
32
80
125
2
479
802
817
615
569
878
849
233
261
924
114
940
360
354
768
115
314
63
566
239
543
870
554
184
176
420
101
207
500
578
208
330
379
24
297
948
253
497
532
513
420
646
805
779
999
572
246
664
986
163
902
528
32
455
64
207
226
164
413
77
741
972
407
120
348
55
419
600
551
302
465
322
947
269
452
297
192
697
960
178
859
213
57
891
667
120
449
245
284
214
321
376
185
79
847
532
133
617
132
35
919
948
356
865
216
808
514
759
504
473
936
715
686
993
957
704
112
405
948
747
618
269
475
155
699
321
686
832
938
169
866
208
116
574
424
683
381
937
442
236
410
377
302
447
721
610
150
185
15
450
931
984
70
405
138
768
78
176
951
15
344
169
574
812
742
997
494
474
934
935
61
343
664
715
141
384
324
642
568
338
91
851
674
512
255
163
280
332
338
230
698
34
750
271
845
491
268
338
316
553
625
377
247
288
91
387
671
766
28
591
104
471
441
129
982
695
291
613
379
981
195
428
14
944
699
