#seed = 606
522
107
555
630
287
921
585
275
463
160
6
75
911
904
488
869
831
26
420
654
561
610
980
819
645
607
230
948
573
201
828
94
307
734
76
945
655
660
571
117
171
928
191
81
184
30
301
14
55
720
667
615
329
999
785
973
605
14
273
177
567
452
622
225
185
697
522
839
708
92
307
879
20
497
311
555
878
612
568
932
683
587
899
12
585
35
336
189
401
960
717
967
411
338
191
596
35
712
786
742
156
93
972
527
941
283
81
819
246
648
102
928
586
1000
291
170
387
979
710
787
938
426
753
349
764
295
296
150
7
81
243
162
173
215
688
114
849
120
284
446
767
385
373
705
737
16
874
123
994
584
261
931
361
13
631
476
659
926
977
665
359
220
178
531
434
217
996
634
336
631
79
455
16
803
159
104
818
384
578
811
319
838
94
680
202
76
507
860
2
484
877
712
703
406
242
488
623
590
121
310
220
199
764
587
1
274
42
171
658
619
333
976
808
426
7
9
854
514
221
207
997
449
918
699
854
511
186
828
100
306
138
672
856
253
610
856
527
652
26
184
622
359
511
430
136
518
790
989
31
10
547
27
458
464
77
664
975
614
491
426
919
980
97
126
233
59
981
111
710
359
646
331
69
156
112
556
673
902
897
55
263
443
433
73
907
509
736
881
122
578
306
392
558
755
517
790
813
850
252
874
208
897
556
628
404
668
183
77
921
431
483
183
874
916
255
132
776
990
364
898
568
21
289
125
775
158
266
939
7
869
164
566
765
720
545
168
739
79
596
659
510
79
841
735
346
96
866
121
437
229
370
4
601
11
480
376
168
97
666
526
317
830
91
81
901
635
601
639
713
548
649
574
978
489
308
323
936
173
796
373
753
165
728
354
175
560
81
694
8
98
219
325
279
309
405
179
295
357
169
360
905
169
933
882
10
241
205
945
765
1000
669
870
516
397
575
691
308
7
384
315
104
603
639
383
263
396
913
910
752
434
269
8
602
553
890
611
793
446
908
910
445
576
131
312
324
705
2
631
711
738
946
166
340
936
548
954
331
813
863
435
246
483
442
199
36
331
810
180
776
717
89
572
644
571
884
968
627
237
598
337
974
895
855
665
831
402
619
161
566
481
947
811
316
389
362
351
71
171
530
199
239
971
770
234
541
5
201
168
242
151
856
567
45
710
232
875
464
850
388
29
682
334
192
997
74
553
699
145
75
229
343
665
199
464
898
739
821
451
258
414
601
114
980
645
175
563
520
638
412
259
667
446
592
858
794
18
762
493
162
836
721
856
500
271
671
749
361
491
199
619
256
799
84
236
796
258
798
667
248
562
925
266
359
868
475
504
885
236
996
398
71
68
253
922
690
276
22
51
766
221
21
374
371
456
609
166
65
758
832
312
671
108
577
381
976
51
885
212
286
880
610
708
300
214
981
989
489
3
391
607
575
411
980
297
866
940
815
931
49
646
594
72
106
171
452
433
573
336
644
211
568
253
918
867
467
251
207
307
605
598
913
179
360
244
475
578
535
289
860
584
287
453
655
744
975
106
176
548
442
819
758
9
424
27
227
242
277
433
548
881
382
813
411
742
408
238
319
943
878
178
526
516
982
180
259
957
637
434
504
430
605
613
790
28
639
368
621
268
801
168
148
534
332
559
627
740
796
945
682
25
474
207
541
456
738
799
764
726
585
619
156
189
231
297
568
221
665
188
488
817
707
636
350
39
546
977
130
693
273
811
717
99
369
257
906
458
408
669
183
992
639
690
532
869
339
451
441
3
638
929
819
696
916
520
734
461
848
863
505
121
25
573
571
393
182
476
850
589
496
385
932
134
426
463
354
764
913
794
766
902
722
936
597
989
456
683
801
303
897
305
775
922
230
345
314
411
172
516
999
667
252
282
152
677
744
505
441
8
651
558
261
724
494
209
713
949
891
513
603
788
170
730
709
399
74
374
809
598
241
159
616
492
440
768
169
535
624
961
894
626
518
506
350
363
714
414
663
605
926
266
744
447
995
804
845
420
177
5
369
770
163
985
261
954
104
781
840
79
741
733
705
611
238
406
325
304
819
988
908
744
605
3
543
951
806
739
722
334
744
91
103
258
75
364
564
530
496
403
608
589
488
664
199
77
69
523
380
887
862
639
983
466
641
525
416
446
263
138
780
358
228
882
616
654
597
179
535
93
933
142
681
420
158
231
497
226
753
876
113
967
515
95
432
155
971
200
953
585
337
732
943
916
965
558
921
562
88
455
654
20
948
334
792
105
564
288
683
668
515
795
634
381
241
418
888
563
617
840
147
305
923
89
220
887
998
492
448
437
946
453
809
245
786
600
702
701
239
384
721
105
530
354
838
122
123
725
684
739
916
182
43
190
623
614
76
972
105
876
409
402
328
569
999
114
520
700
166
110
435
886
214
964
592
51
85
714
127
120
805
42
301
199
231
923
165
659
247
269
534
7
23
861
575
21
326
446
720
844
555
154
729
768
469
672
171
553
738
297
24
542
691
324
92
273
599
256
931
845
525
816
851
899
29
777
919
706
222
990
549
776
495
630
895
315
301
65
219
38
714
242
931
756
917
23
28
515
278
311
711
154
478
913
52
506
689
322
212
262
663
112
37
509
741
284
823
42
348
41
431
413
282
362
168
551
384
548
65
13
210
128
167
687
40
570
193
81
892
756
342
906
867
731
415
608
14
237
1
713
278
431
478
911
144
645
461
527
544
878
540
753
357
58
440
396
627
984
828
870
739
522
776
957
604
190
916
969
426
916
33
55
347
510
318
490
507
778
369
50
7
260
803
363
317
242
111
295
577
938
165
315
811
940
623
414
129
539
734
906
454
767
961
152
276
278
994
782
407
714
832
414
973
986
776
641
579
238
935
155
528
99
821
338
38
443
104
166
981
837
72
787
603
384
938
231
13
283
12
419
996
195
184
320
180
312
960
758
549
247
264
76
345
84
414
735
527
869
252
859
705
675
645
660
58
935
890
422
217
253
841
565
448
24
236
979
335
196
89
236
794
352
311
138
436
76
224
314
944
476
172
1
150
817
660
560
103
901
981
671
153
173
235
952
549
471
931
883
18
19
470
811
370
781
300
157
208
876
470
504
351
994
856
852
162
515
763
264
767
96
934
919
268
521
871
816
343
153
51
712
523
520
874
244
652
525
401
212
400
222
715
102
215
570
954
376
436
68
639
202
163
925
472
431
797
694
598
139
198
1000
202
720
520
427
964
523
951
364
734
351
585
800
804
800
369
757
527
156
177
166
709
339
442
181
121
238
226
71
728
424
70
929
495
941
355
458
464
657
173
549
359
758
349
163
909
69
271
435
225
447
952
933
786
745
465
258
982
43
328
61
818
398
341
312
338
47
770
153
704
942
54
62
51
402
576
311
822
847
98
398
293
49
331
430
794
147
688
127
541
15
188
358
764
528
670
454
575
791
606
630
84
659
43
135
412
619
445
586
465
542
983
757
943
665
539
88
812
226
566
352
592
753
62
708
633
83
161
559
873
118
540
956
129
582
90
892
200
887
477
664
780
460
773
74
124
311
161
287
888
727
991
831
831
404
538
815
486
50
725
358
168
264
665
296
846
107
187
45
993
664
61
124
475
833
198
950
495
358
589
734
436
579
564
619
982
454
785
467
503
510
176
670
125
840
965
970
946
504
367
290
519
427
414
345
611
611
294
105
320
882
838
756
812
753
726
793
206
510
611
709
371
138
378
496
978
695
465
275
550
831
565
68
609
978
412
219
588
57
675
907
291
512
14
102
265
739
247
470
601
857
530
971
995
908
466
324
954
283
598
503
465
162
570
74
491
333
644
78
741
319
337
31
182
702
133
798
793
379
620
393
587
149
715
933
56
533
256
9
815
206
511
631
367
432
56
210
116
700
639
857
370
975
887
551
29
19
349
821
397
968
565
336
116
631
268
524
163
876
532
329
81
395
960
799
178
367
8
294
66
647
150
435
973
36
338
1
407
686
173
803
653
89
490
120
720
758
643
882
985
527
211
65
921
522
215
450
888
223
743
306
221
892
740
193
928
429
546
686
114
70
840
118
159
330
238
878
439
232
759
423
758
321
839
30
842
53
480
82
627
222
387
847
466
478
392
745
907
289
430
20
358
269
490
516
598
727
745
36
958
504
458
68
176
296
97
370
701
928
451
327
150
189
174
615
666
917
359
924
205
140
296
562
408
785
430
6
863
174
393
820
29
203
239
205
850
688
574
550
615
376
877
764
564
402
730
581
318
440
505
522
579
800
435
339
584
864
344
446
390
88
617
418
290
856
974
140
543
547
689
157
274
917
273
837
318
354
418
987
146
922
508
76
721
295
414
656
510
109
101
899
197
69
669
486
924
642
977
818
541
18
327
814
934
951
651
604
656
420
590
801
693
450
229
413
744
642
420
605
103
520
504
299
588
524
136
864
165
113
33
705
130
359
519
63
661
521
18
317
940
608
117
632
409
345
396
504
339
815
108
441
686
963
91
625
486
226
840
3
338
873
707
819
583
577
882
244
97
251
560
388
858
28
371
618
725
766
121
415
932
581
207
969
543
297
594
381
522
785
383
212
657
441
30
592
18
263
835
466
514
746
206
723
125
576
341
201
694
813
615
625
393
821
946
288
117
891
668
991
675
402
202
684
842
231
275
211
846
461
29
359
558
234
433
682
161
773
883
854
586
849
831
330
670
776
617
138
666
636
128
340
37
681
375
231
912
649
441
109
461
821
467
370
54
899
52
215
24
286
420
961
486
602
290
155
377
259
645
394
894
772
86
283
453
460
513
716
461
305
824
921
126
642
291
531
892
694
97
267
331
869
227
168
470
869
675
847
479
319
240
724
442
677
358
894
137
870
961
597
527
136
869
4
129
511
534
373
556
983
639
238
851
218
406
320
438
80
166
916
750
758
991
191
786
349
437
922
218
397
870
96
885
91
99
365
953
985
737
861
967
728
98
817
945
855
488
382
286
6
649
35
115
639
578
900
987
14
174
557
762
43
4
998
485
103
363
438
439
99
298
405
826
747
573
122
954
60
503
591
65
503
978
179
142
555
431
480
568
604
36
681
646
40
679
483
494
41
272
932
491
921
688
669
667
612
790
972
671
645
563
88
147
540
618
640
446
48
120
13
651
507
45
649
898
723
483
391
115
754
674
606
674
361
274
692
972
415
664
995
411
578
434
558
469
51
549
914
451
668
926
453
527
322
453
424
45
935
167
159
688
840
116
713
553
389
405
876
156
420
222
566
997
655
475
465
58
24
378
508
43
655
312
921
976
765
345
372
51
511
531
91
702
646
803
606
387
559
482
894
978
55
459
974
710
286
790
767
661
519
626
55
173
289
976
501
405
672
224
456
534
754
898
235
752
52
193
490
611
674
383
588
728
193
914
789
478
703
907
490
222
532
545
746
173
872
598
577
543
822
384
76
927
281
310
678
333
854
167
943
879
549
882
959
94
795
747
571
498
654
413
71
537
957
816
709
828
766
286
370
587
669
797
513
302
458
191
986
312
709
280
190
610
161
148
703
956
895
625
805
900
37
227
788
345
42
497
524
807
134
245
745
154
41
258
807
499
800
792
810
508
71
351
469
232
499
171
539
745
148
695
644
184
921
431
881
314
279
404
473
764
649
217
270
41
826
76
539
625
868
700
485
290
51
953
873
901
476
763
645
623
457
288
158
729
70
38
395
701
794
867
464
794
435
85
834
261
161
725
885
380
776
721
21
178
674
894
78
501
656
722
123
465
361
280
193
431
670
587
131
815
805
946
608
240
31
793
500
543
517
384
274
645
457
294
822
130
187
900
630
195
621
104
659
982
735
203
764
404
790
246
218
946
191
177
185
573
970
684
467
838
420
740
482
876
386
304
357
924
555
986
118
175
441
128
508
175
331
271
579
472
516
148
417
59
325
602
983
294
637
450
483
56
189
965
931
574
620
639
850
174
624
967
700
416
95
560
591
777
830
521
248
698
668
16
108
344
969
90
989
606
539
472
661
80
788
944
653
407
582
854
932
558
821
631
973
267
542
915
43
372
435
642
421
455
9
528
798
978
617
139
583
156
610
595
235
397
538
239
155
472
93
86
29
265
68
353
531
610
268
925
333
54
918
105
508
926
632
658
903
248
148
485
755
757
80
341
505
969
932
659
440
24
96
820
640
515
173
522
476
792
446
808
197
715
912
705
640
895
714
543
495
861
379
249
969
810
942
473
131
873
483
922
248
930
742
887
796
266
408
272
409
205
431
605
919
695
661
910
589
374
804
435
586
535
684
554
696
977
378
826
849
212
748
96
493
841
334
289
458
741
560
866
297
342
822
567
36
483
476
977
208
280
411
146
814
446
51
509
422
429
687
622
992
786
717
485
626
50
125
435
142
684
652
790
377
473
356
413
955
184
741
515
815
503
660
980
949
710
840
722
490
526
344
482
311
60
318
288
462
442
722
955
477
373
97
853
198
452
617
504
987
357
18
801
860
29
780
160
91
620
881
580
497
224
413
808
636
82
447
449
523
521
755
351
245
851
556
442
303
172
946
641
881
315
442
92
696
221
603
786
192
835
365
689
59
130
496
46
211
294
846
86
814
600
788
411
451
343
852
105
867
149
745
99
816
186
542
511
759
144
296
950
978
12
638
388
141
485
785
704
779
630
141
944
230
928
354
32
623
558
136
489
58
880
939
873
418
480
383
176
623
678
477
952
690
115
340
182
951
124
885
729
754
25
25
335
305
730
366
927
639
853
767
697
732
57
569
501
536
952
28
510
981
505
461
670
971
800
204
921
276
88
650
381
465
26
715
121
107
432
399
746
284
517
794
367
573
714
868
108
665
247
617
998
751
77
19
721
229
222
642
856
310
643
236
126
20
302
246
126
733
996
223
368
512
16
734
84
730
953
191
746
200
159
95
950
587
114
23
815
335
664
670
996
658
257
473
677
558
70
802
642
65
377
9
576
744
743
11
825
47
553
571
246
711
17
548
298
130
570
464
817
233
486
812
242
742
637
918
300
706
71
941
771
447
950
698
191
44
61
367
90
613
289
688
676
306
235
325
435
804
788
251
388
273
415
629
367
51
898
666
108
968
958
230
767
259
928
309
654
340
675
744
952
964
783
627
269
17
303
55
172
91
658
911
715
424
891
81
826
788
98
933
755
56
163
873
666
442
181
320
781
856
415
84
171
197
711
439
213
365
845
736
455
502
646
522
925
536
954
750
323
404
35
429
811
197
302
476
990
834
795
770
689
209
853
211
405
915
649
969
280
846
704
86
347
349
959
624
236
265
725
558
668
759
339
478
307
640
953
648
473
100
769
514
660
622
724
65
888
725
385
519
570
441
957
268
141
267
243
377
531
968
286
198
78
624
27
737
615
332
384
440
431
153
305
90
126
380
506
365
104
243
884
25
683
192
645
823
810
887
199
341
206
837
890
284
460
917
372
427
248
755
866
30
907
170
471
384
549
977
749
5
219
984
381
253
175
377
75
984
616
626
676
821
462
918
456
273
834
179
699
433
934
564
814
192
85
284
576
986
260
324
342
830
307
74
82
833
803
509
168
418
134
196
590
595
113
398
219
298
576
918
730
861
833
543
53
918
178
980
255
790
303
596
619
961
21
53
145
823
561
664
240
46
859
182
992
971
579
210
620
506
127
349
367
960
243
419
229
773
398
483
562
52
78
532
364
450
584
508
273
496
171
512
541
382
693
532
704
623
94
324
129
220
24
495
531
619
265
759
391
14
241
952
417
670
483
780
120
419
639
744
914
161
255
807
894
300
690
598
274
783
273
402
355
296
248
885
266
864
996
656
229
588
959
645
610
794
776
81
212
766
824
477
279
430
635
172
729
325
121
355
459
393
108
813
41
708
50
658
571
397
314
152
984
624
148
945
417
276
25
980
41
848
809
319
278
443
843
358
119
963
64
578
708
172
742
100
879
143
757
801
891
422
952
227
46
100
171
814
375
196
146
767
395
954
438
672
748
280
382
219
594
445
796
301
616
889
400
846
384
509
647
274
930
950
500
327
49
671
141
775
218
638
894
612
943
331
636
690
962
369
260
907
813
55
560
781
296
311
978
679
819
624
952
749
926
804
75
326
474
567
101
691
204
346
654
146
28
641
188
341
9
447
247
174
854
806
954
501
117
283
179
935
259
482
683
184
285
110
509
110
676
961
152
880
306
806
377
333
446
916
673
807
363
272
980
568
77
285
68
545
567
246
832
825
79
866
8
716
975
517
825
651
477
977
882
135
134
610
819
931
526
492
737
888
115
716
807
543
1000
874
88
919
471
919
743
549
784
103
264
759
619
441
761
447
769
994
581
902
603
400
184
480
243
273
719
709
988
525
251
340
398
338
610
868
608
352
769
392
806
384
502
424
824
614
223
592
959
155
845
913
906
29
393
500
301
111
208
640
636
459
331
385
148
292
605
108
644
373
851
449
756
352
225
932
317
799
523
275
305
720
187
211
748
931
62
400
42
270
391
29
80
74
765
579
365
369
686
360
93
536
161
201
239
737
132
555
887
6
181
191
725
720
401
824
650
463
223
43
84
966
423
515
391
188
93
107
908
131
467
1
666
979
553
257
715
684
163
601
689
344
143
414
63
544
237
64
358
812
107
793
129
881
307
519
68
751
625
328
881
443
680
899
421
232
155
487
915
317
439
955
12
582
720
426
477
309
490
186
120
948
978
600
828
636
118
248
386
94
575
267
889
254
165
661
837
319
148
751
987
938
57
999
871
777
424
699
437
265
236
556
212
213
507
40
200
976
639
586
69
213
852
957
818
368
618
654
38
117
756
24
406
164
374
629
292
798
327
728
414
563
635
626
127
141
17
327
116
655
264
185
219
115
493
36
834
462
41
871
930
796
246
688
959
620
316
603
769
994
330
182
908
965
807
387
105
175
713
221
829
328
757
399
794
601
434
627
63
826
497
344
973
742
31
932
713
698
534
481
692
215
15
599
179
173
985
284
348
49
856
528
376
612
927
169
564
360
795
978
538
643
322
510
737
704
793
449
402
678
282
93
893
296
43
71
468
28
706
815
428
561
343
804
524
621
324
88
980
471
417
517
465
738
27
201
794
819
2
195
849
635
639
741
930
33
811
749
60
869
916
840
429
610
995
305
230
318
744
561
140
160
430
605
250
808
157
43
978
158
589
826
792
579
566
73
611
729
174
23
597
89
862
25
50
856
681
279
173
424
839
313
936
620
269
185
427
425
579
405
935
167
582
726
745
148
151
355
876
324
377
472
764
590
848
813
445
881
91
970
304
281
634
591
253
902
775
679
326
353
435
260
871
17
338
615
516
840
322
391
163
50
214
926
640
413
90
84
645
532
405
949
812
38
891
64
939
666
95
617
370
881
228
241
897
917
855
412
756
528
154
270
578
719
547
217
484
636
652
128
167
57
428
331
94
319
746
385
336
192
353
705
73
932
945
969
849
800
733
956
679
238
226
256
957
772
824
792
408
828
919
926
884
699
608
329
17
354
65
352
545
769
408
617
701
353
938
549
504
22
504
182
259
81
790
567
853
613
358
612
440
629
889
675
327
497
356
695
202
420
398
746
189
805
715
241
509
4
141
12
25
996
546
283
77
335
202
929
947
559
892
739
187
780
765
865
628
120
911
829
892
308
927
432
465
993
672
973
996
812
985
372
807
882
6
883
216
207
163
514
766
406
604
304
186
369
521
813
488
431
994
379
739
920
162
203
912
833
527
259
996
863
630
803
744
635
37
959
842
552
825
607
957
428
262
494
796
782
307
636
213
652
366
303
571
528
857
834
712
383
92
708
246
721
862
341
355
898
652
196
449
476
154
406
255
768
899
51
549
557
38
113
560
403
415
130
282
271
963
994
6
406
701
603
126
562
943
833
811
594
380
260
421
886
17
676
653
267
726
553
176
115
666
735
517
432
217
151
55
531
144
60
937
196
662
414
757
956
246
919
550
978
178
970
863
546
645
515
165
722
419
340
836
436
426
705
868
642
855
922
525
350
333
461
545
346
874
653
301
472
571
202
449
101
524
311
998
168
177
162
242
595
853
429
31
279
485
250
920
691
523
444
40
855
256
936
200
482
588
852
953
511
54
753
611
577
415
608
96
591
770
689
537
622
470
919
252
954
520
524
645
42
319
36
896
575
972
447
408
911
651
712
421
704
464
31
632
878
991
79
820
112
120
708
85
589
627
337
542
146
860
538
188
530
574
435
104
545
234
863
807
884
574
228
939
37
610
922
266
600
352
85
711
471
793
148
59
771
484
953
268
695
490
807
576
63
594
32
959
827
894
766
710
468
993
1000
856
602
921
122
554
272
558
616
95
702
763
153
472
598
105
92
644
595
898
220
9
491
251
320
669
496
85
730
963
429
729
819
382
1
292
935
625
849
903
719
551
17
871
374
967
328
465
610
274
715
181
282
205
783
601
226
279
37
955
593
817
684
763
199
684
54
485
308
903
387
378
805
756
249
178
722
576
995
331
201
709
864
482
265
646
435
490
276
471
445
869
288
480
631
838
515
37
322
175
939
61
552
95
168
152
624
889
79
618
571
279
326
434
761
943
432
547
784
59
369
228
927
8
59
910
845
574
946
519
100
236
931
651
330
98
803
953
986
881
923
556
512
248
342
272
542
125
170
326
183
538
905
462
546
964
723
742
889
668
260
988
255
542
990
584
639
792
888
976
25
810
884
536
410
225
159
951
701
328
276
883
217
181
696
114
496
418
856
384
437
467
723
691
9
712
626
647
504
866
975
880
675
858
767
84
82
277
387
134
604
14
368
172
546
64
286
41
833
493
776
270
959
498
312
967
210
938
966
65
803
940
944
829
797
62
265
230
338
651
363
293
16
82
464
562
145
101
954
978
593
82
599
552
579
910
870
140
199
835
204
353
126
499
182
274
560
446
855
897
448
569
189
463
651
5
376
147
105
682
124
50
763
74
601
341
984
470
833
534
657
36
887
134
887
68
760
446
865
614
695
312
535
235
126
185
239
502
683
696
535
807
745
297
232
697
989
567
518
821
101
526
209
987
660
95
406
771
540
622
736
586
933
270
821
410
806
411
263
489
458
797
647
202
93
878
250
82
445
768
254
897
293
462
235
304
556
640
74
448
261
810
33
545
431
853
954
237
264
217
725
721
13
723
275
458
600
524
891
396
643
144
292
288
606
526
591
161
517
17
608
777
178
641
673
960
845
979
196
460
195
272
181
559
994
807
368
946
682
258
341
325
402
633
612
359
158
554
871
675
922
479
803
451
471
828
411
667
806
958
127
352
230
659
262
575
465
630
520
498
887
861
822
640
493
785
998
