#seed = 505
131
26
780
663
761
224
679
318
928
119
133
39
926
294
598
41
615
363
32
433
299
441
788
710
229
790
287
100
902
795
617
384
820
396
398
932
971
77
602
250
547
734
289
472
27
238
864
994
600
895
778
251
335
565
312
915
354
950
366
607
97
982
342
916
729
740
848
51
816
449
301
714
534
941
537
912
178
400
905
130
647
34
732
981
598
395
248
304
697
613
910
793
947
252
60
27
343
907
78
510
707
730
223
240
670
759
504
847
510
408
328
156
442
411
489
391
158
736
46
854
700
308
646
646
911
705
25
253
964
102
762
22
831
336
614
852
94
117
50
603
876
378
759
317
140
247
60
297
334
105
150
33
764
147
31
674
204
55
926
519
508
39
540
690
374
505
541
819
621
590
422
497
319
532
165
811
130
224
107
463
681
609
847
444
107
877
470
662
931
747
180
790
786
72
479
511
576
371
330
197
961
103
693
631
634
209
441
115
433
900
929
465
508
775
260
966
652
729
628
934
476
159
724
613
230
554
123
158
925
452
706
885
554
750
867
539
958
308
5
742
207
933
206
66
708
818
31
359
546
10
644
373
169
367
985
750
921
108
907
845
911
612
81
817
361
947
707
319
606
712
60
164
644
618
229
351
435
612
61
332
621
705
57
789
423
41
539
343
500
797
539
763
409
619
579
121
918
637
439
875
348
851
39
992
820
619
694
606
230
755
289
203
811
345
991
233
386
881
576
237
678
466
351
86
85
281
558
354
918
997
228
265
199
266
608
370
237
654
975
466
408
263
668
570
960
11
802
345
891
729
933
920
195
284
357
631
564
915
336
481
263
563
98
461
181
57
182
417
710
508
234
469
122
254
38
81
264
192
425
506
920
710
426
466
993
782
448
908
696
783
741
958
346
838
770
878
246
951
294
956
810
879
424
932
132
814
12
395
5
789
901
276
498
678
742
842
459
189
749
507
972
841
816
669
30
586
546
276
888
191
231
698
69
6
629
553
819
640
947
175
428
199
451
277
876
544
118
687
732
219
545
55
59
360
75
89
945
620
364
185
162
946
234
231
303
862
783
122
853
81
648
633
632
98
909
859
993
27
897
77
597
441
131
655
801
206
95
97
177
810
281
339
107
514
921
410
727
55
883
580
135
530
564
118
980
472
977
972
850
873
48
446
314
531
453
466
736
899
562
264
61
195
602
167
60
874
576
787
928
458
718
415
340
281
532
319
104
508
290
954
733
690
751
46
220
555
511
307
806
424
570
866
618
524
32
678
397
608
816
325
417
533
739
756
165
270
426
268
130
68
573
862
757
676
259
328
582
121
634
387
544
203
252
514
726
284
191
475
243
358
799
11
242
889
767
406
158
544
25
639
611
950
500
719
977
758
46
558
878
679
945
774
234
196
287
311
479
829
785
73
186
935
84
779
823
202
184
333
745
560
971
708
861
823
426
837
932
472
395
810
502
691
935
735
886
573
398
717
401
182
141
938
469
224
716
291
425
251
623
522
162
946
229
375
768
654
211
699
477
957
860
331
647
794
65
885
366
814
953
118
996
93
407
464
317
474
106
93
724
729
614
238
26
842
612
793
848
174
491
676
131
351
6
129
496
423
13
214
236
965
331
583
58
738
398
726
563
504
818
287
584
784
876
609
977
839
401
176
12
243
852
494
945
209
975
441
631
339
654
867
304
336
801
713
425
199
790
988
54
607
626
989
742
501
597
719
339
349
894
702
591
745
196
536
954
522
328
936
860
981
154
515
668
955
579
93
505
368
80
910
327
705
898
68
557
494
786
247
194
680
948
136
776
495
23
81
16
350
369
876
682
522
742
350
828
321
794
332
688
873
241
14
929
490
434
485
983
571
83
528
602
382
664
378
877
686
810
244
388
178
471
421
52
213
122
879
533
915
563
572
139
155
938
419
645
371
255
979
293
337
507
895
719
522
272
947
207
433
542
946
963
365
719
14
929
840
892
813
755
454
384
245
609
673
664
253
43
918
231
336
255
89
582
325
610
853
271
169
637
164
466
599
528
184
612
456
24
856
268
130
309
4
374
269
676
389
873
719
307
456
406
913
544
987
237
154
191
859
674
179
22
139
778
902
323
741
357
346
596
625
827
257
980
200
525
655
941
398
725
599
853
130
511
748
468
99
253
10
309
926
541
330
65
670
583
387
410
940
84
358
916
910
614
895
461
138
549
401
887
274
999
91
755
861
839
575
959
91
936
619
369
476
301
433
145
883
171
907
822
606
264
737
515
877
983
327
366
532
80
605
157
430
695
263
291
885
837
601
328
773
220
696
600
520
480
745
402
2
651
576
607
266
664
121
142
647
799
859
530
878
463
686
308
510
300
950
394
137
550
73
261
121
768
860
992
599
956
394
600
958
321
206
223
984
678
716
630
477
575
511
706
37
548
365
898
848
314
292
336
864
364
596
336
484
807
328
82
115
73
34
72
393
239
647
376
917
362
358
745
936
868
450
325
768
815
222
967
480
865
302
343
581
249
31
416
407
358
849
521
430
882
945
822
121
591
549
389
304
906
133
592
126
934
916
245
100
489
211
580
354
512
274
286
760
304
701
518
13
549
39
442
431
335
615
903
277
164
291
580
421
775
523
898
708
438
142
160
279
352
739
984
215
364
269
974
668
969
844
32
869
234
474
651
568
440
553
196
955
843
127
376
617
650
273
325
439
767
484
717
118
574
700
333
937
968
658
956
288
501
988
509
734
813
159
653
252
712
848
207
554
327
934
171
976
206
847
414
972
682
131
442
607
182
126
543
150
783
851
789
636
838
297
721
650
456
726
253
519
925
459
72
251
392
594
226
950
792
992
273
825
474
66
431
655
191
326
156
326
176
945
313
13
593
33
14
400
110
266
918
35
77
342
285
820
935
863
121
79
854
746
903
327
811
334
333
2
659
489
327
186
433
639
550
25
23
563
777
133
180
694
519
608
35
155
780
322
17
900
400
222
645
654
900
456
987
233
809
997
721
135
182
505
125
731
881
147
645
657
631
177
351
149
784
737
304
563
410
672
815
809
894
811
463
145
266
801
377
74
150
449
560
683
953
684
414
834
183
410
490
165
586
192
666
722
929
321
636
338
992
450
499
237
261
313
382
878
465
110
304
614
559
215
297
511
899
62
696
433
823
186
597
409
377
262
130
657
582
117
347
926
567
197
514
179
509
895
56
973
357
711
939
267
926
587
777
176
648
825
608
470
10
556
230
738
170
711
395
103
828
93
28
746
289
542
924
149
788
331
473
496
42
411
762
967
997
891
142
996
715
101
818
724
656
47
813
825
110
207
280
289
651
307
34
939
200
957
87
340
287
560
187
328
322
949
646
319
191
787
666
905
239
483
980
895
882
792
71
343
351
350
631
1
9
664
292
560
972
378
251
258
289
438
938
611
738
935
929
928
74
946
184
312
429
163
206
662
306
629
4
8
330
634
361
338
649
652
250
620
381
500
229
670
289
518
280
26
453
208
953
526
153
136
837
933
650
395
594
308
375
597
315
704
582
27
394
230
678
643
201
59
494
430
728
783
947
7
808
399
566
113
276
70
600
465
3
602
211
948
909
585
897
575
640
830
602
33
60
631
27
260
689
521
41
768
655
988
126
814
738
691
926
366
761
878
830
115
479
40
414
739
976
310
313
615
140
266
648
551
897
674
162
937
546
203
705
200
542
830
14
631
873
291
996
985
520
177
451
998
216
864
88
191
526
401
806
17
18
805
567
914
830
80
203
376
634
907
927
175
88
940
158
960
583
153
944
454
682
394
452
897
610
891
440
135
643
597
151
661
401
69
926
230
148
128
605
782
386
532
308
474
823
817
785
757
322
729
211
3
474
14
899
83
904
690
569
547
286
719
559
686
787
484
916
287
964
872
420
349
755
727
822
930
544
959
686
865
687
248
219
512
613
117
947
869
807
515
415
92
586
325
130
724
160
397
10
123
268
429
472
375
508
645
304
403
603
341
619
641
589
837
153
553
305
451
421
463
965
187
907
550
511
36
274
671
432
635
793
51
416
616
425
275
261
728
677
215
421
647
856
361
835
360
913
139
810
334
954
126
520
860
676
31
895
301
53
678
287
197
728
702
813
505
976
425
584
4
639
4
650
846
364
484
205
277
975
366
610
928
492
481
139
519
863
33
171
915
62
457
464
141
159
276
645
134
52
229
138
690
232
139
536
596
975
92
224
301
458
185
580
949
17
718
819
880
102
989
146
163
445
609
303
603
236
948
89
287
528
578
329
759
716
216
706
690
307
281
342
116
465
921
416
482
638
234
713
739
222
858
901
667
819
556
621
406
503
709
45
30
638
373
140
354
940
198
395
598
478
737
714
295
657
481
128
647
715
840
385
288
49
638
306
219
193
279
625
47
987
669
428
977
393
567
330
332
764
76
281
242
164
994
888
821
475
15
467
541
854
203
828
902
840
486
473
32
764
97
78
102
117
505
78
509
424
759
192
539
835
824
132
998
818
19
170
644
33
988
536
886
191
715
140
382
200
612
414
315
60
843
417
176
700
494
36
123
605
579
13
439
402
145
788
571
163
310
566
196
297
453
433
839
168
924
221
719
887
986
34
298
828
450
825
879
295
212
353
899
790
366
689
544
510
829
466
672
138
384
219
434
836
4
273
3
927
845
74
166
830
107
463
657
908
288
536
554
499
888
805
641
605
493
536
114
321
1
138
458
736
356
244
572
711
868
926
990
712
999
155
541
457
617
549
716
256
436
270
755
324
74
747
928
918
282
394
591
634
531
400
370
238
643
293
949
510
218
938
573
569
444
113
377
412
662
93
668
97
362
774
772
787
520
52
56
153
445
646
138
327
398
507
564
40
799
864
902
369
153
826
289
596
939
665
8
952
109
27
400
470
800
524
608
671
575
664
823
371
661
960
49
58
819
964
450
969
828
703
689
980
528
977
576
818
994
935
769
102
961
521
924
112
44
883
782
970
546
956
692
559
267
740
968
437
703
417
406
882
471
446
862
999
423
789
816
768
75
937
869
35
809
144
498
852
27
279
173
924
586
864
482
852
955
450
289
9
218
46
891
689
491
104
39
265
244
854
384
318
142
253
704
950
748
201
153
774
831
325
698
416
540
531
619
494
332
259
855
550
656
745
590
499
200
628
115
443
833
499
112
975
103
167
276
850
719
429
624
901
753
673
316
293
203
286
138
535
545
992
436
552
88
25
50
639
4
165
433
836
15
544
162
117
62
438
318
132
866
293
32
970
965
699
614
520
985
752
54
881
95
841
432
535
865
834
173
868
998
606
55
364
501
217
480
915
654
149
46
519
442
78
840
758
776
454
277
112
557
682
992
3
522
776
537
738
609
62
957
958
19
12
321
871
228
152
785
881
300
831
751
741
260
590
851
387
395
127
499
951
809
842
954
682
617
842
420
577
255
376
534
273
387
206
144
614
357
280
846
657
462
948
749
721
890
951
460
284
78
958
235
238
151
540
919
120
733
338
696
988
66
230
612
804
787
107
770
144
387
615
152
200
915
252
921
804
203
732
87
280
41
673
869
191
212
787
310
945
477
6
284
894
587
247
697
373
354
466
868
92
433
19
291
347
623
563
150
825
294
236
456
334
261
324
525
472
462
186
768
290
191
403
183
129
650
880
854
3
697
721
94
129
92
736
827
714
299
328
538
944
916
345
278
176
20
154
647
481
691
767
123
234
169
305
362
818
536
567
172
233
288
617
713
379
353
892
444
3
219
333
946
134
677
575
309
696
80
956
528
771
74
650
4
242
307
717
412
842
284
583
426
571
200
491
301
552
382
744
906
600
76
851
734
104
778
394
151
857
701
678
979
774
680
982
16
986
699
779
179
982
361
957
904
560
447
204
463
180
299
720
131
726
923
216
829
700
610
979
908
310
8
887
84
687
868
451
24
918
229
203
899
941
511
154
853
309
709
667
488
359
387
970
84
309
186
912
8
147
242
267
456
250
153
891
936
21
693
960
290
921
514
541
862
24
694
66
684
403
732
523
113
118
492
197
778
29
108
137
175
350
404
983
599
556
225
886
928
918
197
218
838
710
758
51
85
803
116
120
557
848
642
670
317
486
866
95
514
325
231
41
26
634
375
976
542
599
862
469
516
58
38
706
120
795
756
556
598
224
28
506
423
669
175
739
154
40
185
20
365
768
412
390
401
786
366
294
736
579
763
252
988
152
957
459
947
64
15
896
639
42
401
61
62
928
152
568
967
336
939
683
103
350
73
856
487
790
501
222
720
263
473
707
767
781
166
65
197
532
960
835
573
712
896
986
639
399
553
958
86
491
640
541
192
64
748
678
853
248
900
924
863
724
631
629
857
796
693
53
327
4
887
251
715
134
588
706
532
141
663
970
983
654
510
175
718
257
852
922
504
103
846
366
179
476
994
35
623
38
87
301
41
973
903
756
459
490
813
342
630
827
311
965
480
820
139
197
76
342
471
932
445
316
649
623
143
995
9
765
32
95
417
73
419
319
180
229
160
992
571
142
818
881
106
297
701
244
846
128
937
316
411
381
983
60
355
125
54
363
241
85
809
657
157
580
327
336
808
486
679
378
979
496
259
84
145
311
679
342
790
616
657
201
996
639
612
703
115
665
417
355
101
578
363
258
157
41
945
316
878
624
694
857
119
304
940
615
966
619
956
107
234
964
307
581
954
918
635
68
934
404
422
35
981
136
644
489
176
588
804
406
211
849
262
682
504
201
648
469
171
604
576
756
919
234
337
873
504
323
940
789
726
714
823
706
201
466
194
729
406
350
134
968
198
395
649
54
947
649
522
118
604
449
873
522
35
561
394
538
884
686
326
609
751
501
667
951
318
212
31
723
561
164
43
111
558
691
164
857
339
37
974
942
838
198
816
872
111
561
761
994
246
438
602
348
290
620
651
960
832
681
682
392
845
724
854
754
767
369
962
457
406
287
751
595
485
918
818
595
478
930
940
76
367
893
423
9
513
73
968
344
106
1
87
302
77
941
407
195
309
369
651
66
655
753
660
491
670
829
437
148
758
376
223
477
621
997
485
133
422
804
828
527
804
914
180
880
206
586
74
515
954
77
932
961
181
944
451
851
772
240
350
530
967
924
6
587
920
842
71
693
645
898
571
448
164
750
680
721
336
105
587
641
181
519
953
362
462
756
564
233
995
265
114
961
188
119
900
459
312
970
152
956
220
722
404
735
472
435
455
159
539
42
151
72
912
104
785
373
859
348
957
205
964
423
165
151
541
416
609
205
738
112
160
309
834
915
43
657
349
849
167
240
242
317
311
153
420
95
877
630
794
834
834
757
256
351
259
148
766
219
352
503
331
864
163
516
778
557
172
479
406
338
70
647
6
380
152
426
826
28
55
971
861
889
727
468
239
337
968
356
555
671
211
885
534
373
400
664
930
923
494
687
612
563
685
618
294
836
395
119
864
801
89
76
41
167
896
631
503
215
987
57
885
197
294
419
921
45
434
202
320
927
888
931
841
925
900
134
112
646
252
327
447
692
755
487
858
650
118
360
864
104
768
748
652
413
518
924
458
303
126
777
581
365
59
421
641
311
906
753
956
509
79
402
200
833
241
409
834
358
120
697
813
888
797
816
300
666
91
109
321
216
885
901
933
296
674
925
606
931
677
913
440
756
315
991
940
555
400
774
264
519
822
428
758
970
243
410
988
685
518
308
901
755
560
185
50
585
109
7
516
138
919
307
245
585
297
184
491
696
309
754
567
483
533
324
452
127
733
791
812
251
98
712
5
10
248
406
594
708
412
461
197
330
767
441
915
64
977
405
111
637
511
677
119
43
1
923
170
733
713
981
335
163
44
691
172
643
96
117
350
507
578
899
837
696
339
103
111
667
859
222
304
369
898
774
412
250
696
933
335
409
913
669
571
956
360
94
950
455
210
651
314
139
549
502
835
888
604
945
906
462
166
209
183
416
335
946
17
30
878
351
438
142
372
360
449
731
453
398
537
15
48
202
153
597
703
339
836
658
284
741
472
801
302
654
568
636
599
585
665
828
935
455
969
306
166
417
388
971
814
277
985
213
478
489
809
533
828
996
190
463
737
661
615
390
666
183
377
264
767
393
443
53
199
411
711
365
179
450
335
344
726
671
557
556
159
717
88
338
713
277
800
801
290
415
542
955
949
918
571
67
310
13
119
509
776
829
225
954
279
911
650
356
581
206
263
91
274
350
429
338
979
580
490
620
346
31
574
646
300
144
712
962
509
831
470
284
11
46
589
641
956
238
349
888
795
611
978
421
313
758
758
643
690
248
262
387
630
187
33
930
683
744
891
191
926
712
826
937
757
766
929
64
4
277
951
150
240
928
570
552
38
328
546
727
927
159
113
556
345
145
485
379
889
727
921
814
438
746
102
546
512
31
961
867
307
911
16
546
839
586
449
228
265
994
954
191
152
66
98
849
563
935
227
451
661
148
616
451
245
70
348
756
100
309
974
758
219
990
656
409
927
456
636
543
802
941
85
953
7
182
153
569
116
732
371
129
879
338
931
475
407
278
583
858
938
556
968
157
545
623
917
823
78
905
365
879
845
449
184
203
983
688
771
98
419
493
578
649
183
508
124
589
138
706
799
75
261
766
583
158
388
852
332
817
756
697
48
600
497
231
155
479
270
925
929
689
770
858
337
952
718
812
892
855
517
690
281
130
455
216
639
842
67
970
11
174
666
58
125
515
640
279
993
909
556
273
597
325
131
286
628
848
97
519
54
966
209
334
95
15
901
733
857
967
54
219
492
720
276
617
586
267
895
578
175
802
203
124
126
333
761
105
180
209
624
585
174
184
918
620
198
171
704
406
489
758
624
981
829
251
597
414
517
843
343
44
645
545
167
122
877
279
227
408
487
202
992
13
385
262
632
582
432
688
988
920
445
963
252
625
214
848
38
82
43
732
125
39
277
643
512
505
921
90
913
760
291
256
772
27
517
403
609
300
442
948
220
886
262
471
862
827
671
899
909
65
983
385
455
259
28
966
763
300
56
27
59
698
283
830
725
151
585
685
451
26
984
22
264
245
844
125
72
514
376
332
930
358
716
384
968
95
350
82
395
757
109
805
806
743
635
530
893
571
214
695
948
549
716
211
146
560
688
217
425
63
900
707
772
967
90
739
62
791
820
808
899
280
612
705
22
598
586
267
520
152
961
468
700
29
678
845
940
717
413
364
131
312
422
902
279
512
992
692
654
164
499
905
795
462
609
817
60
194
435
931
345
747
398
397
775
428
241
714
144
654
430
275
317
851
528
947
714
520
638
368
35
136
272
829
598
232
997
9
777
431
939
122
178
689
518
304
116
110
18
259
763
447
885
432
649
413
378
363
284
16
82
318
503
353
146
452
936
495
812
712
277
103
185
806
791
54
110
906
164
127
516
278
925
401
61
573
813
439
935
96
806
16
765
308
720
262
760
7
756
923
71
33
25
255
190
815
661
299
72
176
777
940
453
53
340
514
626
504
304
912
951
109
280
715
416
351
976
527
358
84
450
428
468
474
34
657
641
46
956
64
221
84
3
674
137
694
539
114
197
842
25
147
302
656
861
717
7
189
596
364
272
45
143
739
870
528
747
862
574
54
926
794
138
928
819
274
622
709
387
170
902
763
317
203
419
529
272
425
69
867
140
340
263
634
430
132
513
177
994
86
230
271
232
719
550
50
344
171
759
730
693
12
845
361
215
263
889
486
39
958
352
530
649
614
163
431
97
27
959
442
113
188
712
344
259
262
745
602
784
855
684
476
867
528
836
433
142
77
918
180
386
621
61
34
234
575
816
330
601
774
124
713
314
835
408
572
448
505
173
232
711
856
59
929
383
247
361
876
323
278
407
60
898
467
445
483
41
261
165
642
34
288
706
347
122
466
918
570
970
443
153
680
298
563
609
33
809
321
908
483
599
315
542
848
133
987
331
174
247
847
167
280
134
872
979
607
337
896
528
658
338
32
338
988
595
298
20
403
618
279
886
568
945
427
416
78
765
98
251
11
944
417
643
429
640
621
35
977
868
915
634
558
946
323
545
540
972
916
943
942
546
180
509
491
958
276
920
723
725
522
733
668
290
375
448
929
347
483
257
215
397
243
124
694
565
20
234
889
287
528
830
832
707
338
674
16
966
945
738
690
466
823
710
755
549
509
36
896
991
292
462
739
534
937
785
451
956
18
339
242
545
168
425
603
857
99
970
174
395
708
216
861
530
277
967
430
785
2
325
776
646
138
866
531
74
650
333
381
19
671
622
915
190
47
869
399
497
839
924
243
546
139
103
427
415
70
856
200
423
533
327
420
22
544
951
448
546
635
828
916
658
450
831
847
848
699
597
696
537
873
938
434
363
393
212
778
814
420
329
236
952
7
8
325
902
958
772
447
944
600
715
601
401
545
800
248
595
748
295
484
620
584
917
983
976
481
112
789
900
440
377
851
798
384
527
699
693
299
498
636
898
212
237
298
108
36
897
702
783
191
185
755
774
454
737
102
934
848
890
833
639
266
35
436
1
561
486
693
859
983
681
108
546
917
405
653
304
653
355
438
843
891
192
969
344
928
70
629
127
311
461
765
929
847
200
929
408
38
974
618
20
654
78
566
922
834
570
577
487
276
14
681
167
206
1
862
133
422
491
612
733
303
376
13
502
928
293
261
965
266
878
336
271
307
253
544
141
823
120
627
98
134
659
616
691
660
478
175
81
320
786
165
974
162
177
475
89
470
735
405
87
965
740
710
271
993
253
763
815
725
389
264
858
400
880
900
59
709
74
491
28
860
656
353
21
832
828
461
653
914
865
740
878
604
801
501
596
53
263
762
129
652
26
338
403
905
237
461
613
311
951
640
170
958
344
190
790
171
650
794
85
866
533
314
469
685
814
65
738
77
826
866
80
851
204
482
107
440
294
719
102
596
710
271
554
54
460
695
576
461
488
660
326
373
974
147
57
139
563
146
215
740
364
294
943
919
127
49
710
420
768
812
16
829
82
569
234
894
615
810
354
102
469
32
826
794
178
883
933
740
380
499
831
743
793
773
661
919
822
371
691
941
182
706
121
615
626
355
508
240
164
862
693
984
245
871
130
774
105
414
865
484
912
695
227
56
468
239
327
641
609
17
933
142
722
53
757
699
407
264
290
570
477
334
906
73
204
35
846
308
448
710
792
359
757
370
767
224
608
93
216
569
109
148
62
182
200
170
232
607
434
521
528
262
206
433
335
410
467
532
69
266
594
212
625
350
933
391
925
893
835
140
461
943
287
874
476
838
44
707
444
829
579
324
90
136
756
776
897
575
660
966
840
253
529
816
954
