#seed = 202
373
18
19
306
588
882
866
872
262
72
955
64
696
512
638
968
74
517
416
599
50
343
598
234
553
789
242
590
45
946
233
769
963
251
426
902
484
292
773
746
363
79
161
58
942
798
25
367
666
792
966
67
486
563
300
391
703
893
980
99
838
564
868
152
167
293
53
650
936
177
747
298
607
907
707
549
56
84
267
74
227
232
140
713
147
440
103
201
684
82
300
522
997
167
673
163
811
78
165
747
254
911
396
861
170
455
761
577
538
27
650
764
611
790
476
757
581
930
309
264
363
608
137
360
126
810
874
937
887
38
35
492
301
782
704
822
236
464
750
125
843
400
889
805
541
716
913
121
646
221
384
360
829
521
71
954
682
945
242
920
982
628
411
634
410
467
807
997
282
557
122
124
956
362
928
848
77
840
968
74
61
703
434
241
575
504
194
256
800
788
527
134
415
290
767
824
756
926
173
37
482
294
513
789
655
792
636
83
984
955
157
396
657
942
636
232
797
181
839
597
968
718
82
383
7
200
558
114
125
730
502
606
375
14
746
381
158
733
464
141
687
972
536
344
265
523
927
413
703
117
361
671
834
442
405
192
642
314
305
766
396
807
724
770
172
469
503
329
202
966
469
888
289
356
583
553
878
509
965
581
978
326
603
811
119
7
3
760
672
659
878
67
817
601
189
989
421
691
669
974
8
490
214
296
845
796
200
723
657
516
655
634
193
257
796
312
615
798
71
638
457
948
705
625
900
893
613
321
935
282
294
942
771
507
237
967
655
788
689
311
303
695
296
496
303
91
807
917
241
229
907
49
529
611
673
428
855
286
748
789
919
394
730
41
900
318
7
906
105
48
568
407
742
863
254
397
306
60
665
546
641
571
594
169
181
266
596
35
903
344
823
173
737
904
213
988
221
572
246
325
971
813
84
64
28
337
460
333
749
125
878
389
695
823
557
228
440
504
262
695
847
437
867
935
340
432
275
561
3
520
237
325
684
320
388
711
9
848
43
757
972
272
497
18
94
405
245
886
908
859
580
107
295
446
393
634
229
19
546
583
538
783
907
222
454
295
932
462
142
327
570
465
598
418
482
44
822
79
929
82
937
860
188
231
305
932
216
886
951
762
468
840
896
375
413
349
21
697
163
514
23
84
978
620
502
811
15
675
241
943
756
177
802
295
759
459
579
975
696
529
88
163
368
983
889
781
683
909
829
197
774
851
281
103
822
134
914
837
808
506
131
916
683
285
562
793
95
140
767
790
668
206
304
388
188
545
520
223
805
348
419
579
550
699
681
371
184
946
559
992
452
690
259
486
326
820
278
772
312
45
913
331
602
216
70
790
112
589
364
917
288
782
495
837
833
175
560
16
473
118
359
924
159
617
409
836
789
686
607
452
82
519
782
684
87
852
825
198
792
540
114
80
673
960
268
505
487
827
873
959
945
231
234
455
200
642
291
340
679
897
791
113
768
572
148
854
775
324
403
567
863
869
998
887
828
617
392
666
444
264
624
740
846
209
194
397
202
484
736
881
733
526
345
500
450
844
705
224
167
107
142
381
975
491
267
155
108
10
820
903
625
796
642
823
4
187
219
206
23
955
438
755
480
134
606
281
977
662
505
495
768
998
227
95
489
845
601
948
855
772
850
831
567
491
653
923
677
872
480
699
178
917
805
657
50
762
290
378
423
794
872
543
143
98
989
983
942
589
930
148
360
779
979
279
269
983
201
298
854
32
348
31
300
505
40
349
266
329
78
41
474
949
583
968
398
923
951
691
511
880
839
222
659
169
500
279
151
52
576
357
83
276
739
382
780
130
82
397
810
159
437
283
459
371
603
208
293
553
899
155
784
89
377
442
609
876
73
759
928
1000
467
362
275
206
744
406
335
177
803
145
688
591
779
146
962
381
706
606
285
604
761
69
44
137
862
652
364
934
762
643
934
229
357
560
786
100
966
120
628
768
616
315
358
747
813
671
479
518
629
764
473
741
184
516
229
397
519
592
683
280
587
616
860
943
175
997
394
492
117
21
259
84
688
969
830
500
991
661
369
971
424
841
711
959
708
939
707
226
883
389
857
469
4
69
763
531
65
156
22
533
528
633
969
215
953
798
66
943
458
434
914
233
274
624
543
333
915
250
910
797
638
767
617
994
187
379
876
251
534
897
136
61
881
104
628
833
253
693
776
63
479
41
647
104
16
190
437
930
791
346
78
780
464
694
773
650
72
648
253
957
897
388
370
777
491
349
610
743
41
737
805
871
777
452
975
144
993
763
426
783
108
503
562
924
549
687
573
620
686
825
929
582
564
650
711
54
998
320
149
390
408
953
261
536
756
235
679
748
997
104
882
456
959
796
379
507
482
304
478
167
480
406
101
44
55
811
449
404
482
597
794
889
550
54
424
657
640
454
405
988
910
638
795
868
433
174
726
266
829
203
433
308
961
533
703
367
343
152
771
824
748
564
64
649
969
839
306
608
292
62
595
201
51
741
420
484
914
145
749
94
348
533
754
660
65
456
26
759
607
148
934
355
711
997
355
679
835
660
638
479
73
584
31
124
325
451
959
590
595
707
684
294
240
437
953
656
892
331
767
851
478
700
557
541
49
911
571
235
923
209
713
995
792
744
470
468
546
428
58
492
135
93
138
726
881
90
381
124
772
147
974
602
199
530
142
247
793
64
481
715
272
546
709
416
641
531
883
186
958
292
29
92
736
166
169
616
608
902
740
379
400
65
332
598
947
473
196
739
537
29
453
160
574
513
927
566
43
162
103
1
453
131
444
541
297
965
156
904
866
247
634
265
312
966
215
610
790
410
348
678
438
152
190
363
16
116
928
411
277
30
763
82
513
558
622
809
522
129
64
387
728
49
4
391
366
218
1000
508
979
699
185
769
850
726
131
217
842
411
627
470
792
389
903
304
947
876
464
468
357
879
207
84
928
562
474
645
131
825
152
109
523
689
229
724
414
360
940
607
122
567
429
913
307
331
569
253
559
32
73
915
263
631
350
542
192
823
186
674
999
338
134
521
26
363
244
439
74
535
398
195
101
826
459
760
508
27
364
418
411
788
684
673
418
33
214
961
207
399
634
205
88
120
725
113
482
320
904
555
855
653
101
307
478
559
66
337
586
782
755
348
569
438
20
987
823
585
299
29
335
285
586
423
404
310
887
237
982
142
143
188
794
243
494
623
153
912
960
738
45
66
85
613
855
456
951
677
40
250
58
727
886
643
149
289
304
35
877
285
529
19
472
322
613
318
297
765
581
608
855
625
673
939
237
879
747
188
908
138
789
965
864
674
607
364
314
910
751
542
547
279
560
370
600
524
39
248
288
619
855
142
595
879
433
184
758
531
723
665
668
511
629
532
536
587
247
201
848
997
742
746
275
653
116
227
528
506
474
815
477
329
309
71
207
741
254
316
271
328
980
290
838
960
173
725
546
420
277
746
416
370
491
691
374
958
269
901
464
742
716
292
422
24
362
981
116
968
296
738
295
276
27
485
235
552
561
133
971
838
230
738
207
720
780
581
30
48
481
845
142
548
136
563
923
497
895
38
816
191
127
463
466
506
947
52
57
507
536
27
696
765
764
903
837
544
835
866
943
667
710
84
215
845
999
137
693
893
527
509
83
653
971
900
510
269
304
566
127
839
592
823
956
708
725
792
603
911
9
545
577
718
629
791
914
979
280
958
871
806
818
306
810
140
205
320
408
508
237
535
699
829
357
654
888
433
797
490
343
805
386
919
874
366
62
139
344
341
96
567
498
914
872
659
53
76
330
813
936
567
347
634
747
55
639
986
839
787
827
533
943
212
803
168
578
864
306
921
556
401
839
405
666
710
416
719
786
745
883
73
663
581
58
761
635
48
746
825
834
572
357
128
784
159
295
713
375
600
985
282
352
824
687
18
533
102
88
670
198
970
742
213
550
151
973
536
198
71
360
383
642
68
510
777
578
804
489
304
755
826
586
107
649
624
124
181
77
211
203
274
532
296
838
81
447
163
968
996
233
679
379
226
746
240
3
675
44
843
979
798
668
564
256
668
187
379
201
615
941
403
240
824
698
78
256
144
240
223
140
472
901
870
49
646
109
51
321
504
246
651
302
265
214
909
933
752
288
133
366
580
887
957
404
584
34
659
80
625
882
571
96
134
440
497
132
900
547
452
404
144
454
57
761
19
965
45
770
604
177
487
184
415
795
939
998
829
949
429
453
182
999
901
316
790
397
447
42
295
250
445
791
703
853
551
721
817
595
842
773
123
680
308
537
474
246
886
654
546
315
107
728
313
359
395
455
107
841
496
401
442
292
191
144
144
93
216
312
687
409
84
809
440
743
345
265
340
231
919
886
897
377
965
209
735
359
15
841
199
510
593
640
801
136
135
296
228
702
608
915
110
43
75
901
786
772
165
125
2
83
10
250
459
326
458
545
684
825
737
882
334
330
873
487
817
359
782
44
60
741
310
521
784
385
421
921
156
586
45
509
20
407
758
479
732
567
375
768
391
464
649
77
145
874
915
961
584
48
4
644
789
314
516
924
50
289
196
205
874
592
65
245
350
822
75
434
388
450
201
131
913
201
559
57
74
473
369
658
520
372
653
660
37
168
935
438
808
482
642
681
74
706
926
423
879
1000
856
619
801
56
749
65
257
659
121
682
131
489
691
2
213
695
14
601
863
300
39
670
782
32
703
855
738
980
629
968
331
485
586
132
892
686
196
500
344
669
534
826
509
224
828
721
919
193
674
133
492
712
154
625
743
208
479
832
187
460
800
870
944
385
353
187
423
548
39
766
568
572
944
429
795
123
501
65
315
174
197
158
885
703
783
980
910
613
163
449
72
962
318
367
699
670
906
473
569
944
238
489
515
181
917
661
303
417
726
969
591
274
479
827
976
261
158
238
225
321
686
649
634
355
367
684
376
272
156
296
567
746
784
81
278
52
742
581
469
819
901
411
92
379
589
420
991
99
657
568
771
342
568
404
48
934
88
423
558
595
718
124
340
854
557
618
905
650
550
725
468
450
487
911
181
428
330
523
526
986
90
296
679
657
51
726
943
490
500
500
85
218
975
776
423
531
393
327
532
942
404
351
744
242
262
276
669
943
798
194
929
240
841
959
248
244
685
190
733
184
41
169
753
16
945
175
898
337
854
430
631
609
132
726
850
393
1
519
336
150
64
616
389
257
574
989
500
610
178
232
146
219
401
898
586
345
425
835
33
630
616
663
238
748
388
87
492
740
957
827
242
21
794
982
277
368
970
776
329
148
359
474
718
111
724
655
807
148
841
840
777
457
854
366
204
594
452
47
333
761
874
926
781
19
908
409
738
877
536
67
376
894
540
445
357
263
451
163
762
292
2
538
748
856
903
303
801
707
349
485
819
574
411
951
593
318
359
330
194
246
396
922
139
288
366
495
550
817
10
312
108
11
201
207
218
456
509
18
514
857
503
332
783
265
282
375
582
992
704
127
237
452
48
727
739
766
574
640
582
583
303
41
945
504
247
163
311
107
532
176
315
386
507
97
650
140
471
583
483
527
710
719
330
109
797
68
226
370
59
159
304
362
199
249
217
797
763
879
903
294
54
218
680
912
666
681
51
137
616
533
15
677
603
344
785
399
763
11
121
821
521
424
534
720
672
102
868
434
980
123
80
385
340
111
296
5
791
346
493
406
230
859
82
184
202
219
583
316
581
55
489
101
478
374
172
150
476
40
935
807
514
14
192
853
124
487
209
267
185
54
24
766
912
458
950
466
28
884
133
608
938
621
60
415
995
584
916
822
975
851
628
488
216
819
692
692
658
252
958
842
657
333
607
569
790
556
386
817
439
518
776
728
491
188
143
837
771
410
658
97
260
637
584
828
456
627
519
113
878
828
306
535
160
912
455
950
820
192
118
610
61
894
338
551
81
832
739
203
241
396
299
853
33
234
680
840
860
550
304
89
377
609
623
536
520
429
837
691
620
955
301
681
200
990
583
280
821
322
834
61
717
484
913
101
717
944
940
928
493
243
16
221
203
991
109
75
419
945
765
39
899
417
71
98
406
653
729
226
326
914
639
395
397
903
495
465
199
787
744
43
381
760
264
584
102
372
658
520
316
774
910
567
191
332
16
596
337
97
174
662
10
164
56
759
418
903
223
616
41
967
659
421
78
922
356
179
645
365
50
960
139
960
878
329
643
894
276
979
342
801
641
351
964
48
109
734
302
684
349
342
2
7
115
79
280
470
609
924
835
658
236
325
969
465
5
612
710
280
590
51
433
582
754
748
982
862
481
283
897
830
977
898
188
91
328
468
912
936
743
98
946
978
422
914
795
426
877
504
58
819
555
490
400
308
237
381
521
718
16
418
899
992
667
86
82
995
905
993
282
648
443
579
977
864
493
771
642
721
627
699
539
181
540
939
488
776
671
8
845
686
777
95
29
796
181
462
790
437
455
423
436
249
2
765
112
846
887
753
918
513
803
457
693
342
747
532
470
769
892
666
807
668
761
835
463
293
297
604
729
103
379
517
351
732
281
814
929
167
919
846
680
721
302
724
415
400
256
236
169
147
253
975
814
365
161
629
657
457
584
738
911
962
254
261
693
534
427
621
52
345
819
731
417
120
455
183
872
62
770
40
208
23
366
373
387
526
1
396
335
937
133
245
898
738
858
943
623
284
915
674
628
733
757
396
205
563
579
76
624
348
467
831
722
832
203
109
357
556
856
691
492
340
288
741
77
145
35
51
428
950
76
407
34
832
802
238
746
732
665
369
432
131
551
153
962
106
613
671
13
468
713
856
807
1000
596
235
496
631
637
923
932
713
681
965
896
483
555
642
566
219
362
997
702
265
150
663
370
114
685
734
582
750
589
740
101
536
327
597
166
963
871
449
675
552
766
571
386
320
564
951
890
925
300
591
189
449
606
910
562
290
995
495
391
583
587
492
119
913
440
636
875
310
437
902
213
202
472
950
521
35
253
410
311
552
1
500
352
606
761
265
247
756
760
638
690
698
481
808
610
920
796
484
581
232
385
146
433
208
95
305
594
347
714
905
250
66
404
601
23
516
866
622
623
977
259
313
674
91
472
635
10
267
470
942
850
207
87
282
414
182
938
8
880
652
264
130
69
667
82
92
534
299
713
157
627
323
469
300
765
940
286
774
559
756
67
408
962
154
42
727
687
979
86
918
982
349
47
51
367
481
494
901
779
558
409
406
232
877
57
996
168
343
121
726
98
187
134
411
692
527
137
378
505
223
648
487
571
694
889
290
526
734
190
305
291
598
710
522
826
766
517
993
460
989
71
557
175
556
319
867
82
456
596
586
30
243
424
952
289
664
241
814
397
782
470
39
731
179
912
556
297
780
901
756
768
971
665
943
526
983
161
607
790
108
544
171
703
320
123
343
983
363
156
732
145
626
770
227
156
682
783
804
813
683
912
581
5
928
875
882
262
35
840
52
494
383
222
196
54
696
538
389
59
46
120
555
23
241
781
178
274
915
334
87
949
245
667
305
172
541
186
433
927
25
836
420
760
410
968
813
105
505
201
515
550
672
421
572
913
554
102
538
820
435
624
769
31
642
73
554
534
611
986
460
635
174
232
746
935
199
911
39
55
463
906
605
135
678
528
399
231
981
936
51
767
912
171
797
553
595
350
87
205
688
898
192
213
481
937
147
679
847
537
734
662
794
690
796
472
569
546
54
902
481
456
668
744
626
817
297
221
166
735
777
205
984
968
417
465
257
563
495
455
452
580
116
245
621
911
716
190
456
770
91
289
225
110
32
203
926
680
775
444
766
551
648
102
871
65
918
127
979
412
581
782
992
697
27
612
959
94
153
767
863
595
407
440
705
790
994
630
822
768
73
587
670
73
40
892
489
957
18
819
369
951
601
712
999
627
675
309
72
828
75
287
774
833
726
478
623
71
460
444
190
884
382
859
308
422
751
796
730
120
615
98
70
215
161
420
193
836
729
264
15
155
902
788
988
979
618
962
49
429
757
238
664
490
449
972
263
551
767
993
670
733
90
92
947
603
863
491
438
591
107
804
98
8
943
437
987
912
750
387
340
506
625
356
995
425
327
610
975
445
602
996
178
43
439
476
645
302
319
434
244
425
237
341
784
532
129
122
443
878
509
135
383
485
490
730
909
168
339
235
612
292
230
789
334
21
617
979
322
935
412
565
711
1
258
494
532
386
968
326
616
476
812
350
312
653
79
572
820
769
806
784
60
387
924
394
407
540
724
80
474
135
997
184
487
606
30
18
343
997
696
958
472
507
308
135
512
738
706
331
859
863
466
918
249
390
663
8
929
738
439
755
873
435
938
359
40
967
729
383
315
776
692
138
634
999
272
145
737
977
828
595
839
293
864
440
682
879
799
963
616
237
717
840
672
654
551
63
973
279
797
287
406
489
777
39
839
48
184
575
377
363
521
567
655
737
6
689
615
804
651
582
41
367
422
64
20
324
126
344
954
275
983
359
115
759
397
953
158
932
880
534
294
400
101
949
136
106
637
102
262
287
36
654
653
809
717
24
132
194
720
85
468
702
443
934
812
839
887
969
123
766
503
416
165
955
364
653
412
352
106
673
638
141
326
642
301
394
18
432
588
737
868
407
790
310
341
601
501
227
921
623
344
775
38
860
729
754
512
141
105
970
165
743
462
491
736
763
236
753
194
823
489
62
230
278
723
922
230
223
500
151
197
843
925
587
702
6
340
566
146
444
535
662
538
996
152
274
758
388
378
304
562
219
717
143
496
439
64
78
14
563
580
210
757
856
796
459
861
487
24
358
931
558
20
820
553
523
445
663
262
823
966
824
41
682
318
888
472
734
317
485
648
896
695
405
752
842
863
964
329
886
322
611
795
341
430
699
215
875
361
477
49
678
652
89
711
321
328
183
54
645
667
702
540
713
106
643
907
968
607
587
205
928
197
999
620
978
697
834
852
410
662
900
439
665
340
150
986
668
684
39
312
702
740
203
767
197
846
673
516
452
259
720
379
807
70
350
784
767
183
988
528
197
239
966
861
579
467
846
598
150
237
909
852
328
463
618
525
308
642
40
759
252
112
489
58
181
838
193
299
373
180
826
921
419
144
781
349
610
979
946
112
567
206
315
894
668
932
770
976
925
162
86
176
273
927
585
805
764
129
104
488
661
281
408
79
776
541
779
738
519
724
849
85
929
163
330
596
446
100
923
370
261
361
897
885
287
833
689
402
313
144
890
973
777
649
403
552
189
181
641
707
904
489
143
184
3
473
132
448
924
406
169
536
766
417
420
52
601
460
454
914
956
695
238
732
343
641
635
532
821
276
590
77
116
85
612
119
909
743
918
832
501
439
367
266
207
138
670
808
597
123
73
904
169
662
635
863
302
622
746
475
249
688
903
364
772
514
834
680
609
752
863
109
190
229
726
748
718
395
907
314
869
979
570
37
993
204
900
294
177
997
120
425
684
22
789
455
888
622
486
848
725
348
308
266
928
33
14
645
428
920
311
648
251
880
685
243
435
936
888
964
284
8
388
968
381
528
774
620
502
260
467
578
959
126
844
239
159
209
235
938
128
545
585
730
776
621
972
563
556
860
878
840
219
265
159
951
145
932
571
998
543
389
575
502
515
418
740
25
626
326
962
106
223
546
835
350
167
159
912
74
18
141
265
588
758
423
538
902
707
460
899
249
201
473
750
715
243
841
739
220
167
700
325
389
597
160
90
115
318
2
189
687
494
805
626
251
580
515
152
286
975
402
534
175
227
636
241
469
828
979
688
346
30
365
86
978
524
176
93
193
529
633
231
22
437
856
273
16
370
424
301
696
178
187
870
404
822
462
224
649
440
263
995
821
979
432
151
854
607
243
46
135
875
628
157
663
483
429
679
205
204
331
900
733
517
122
488
338
583
63
339
375
326
685
547
656
116
697
510
723
291
555
209
517
535
365
180
17
145
210
573
701
540
825
433
409
946
921
746
880
983
436
606
660
472
153
316
588
849
825
662
492
731
870
8
265
587
187
634
731
748
558
431
288
382
216
696
679
136
793
559
118
581
164
130
52
668
445
991
869
269
652
360
351
874
367
616
460
906
601
542
653
158
325
292
892
540
339
570
675
484
480
144
64
996
273
467
663
69
458
883
337
461
242
40
334
961
7
793
866
607
687
870
116
11
162
7
550
852
929
576
335
408
71
750
403
696
217
418
764
674
300
453
486
894
492
820
854
498
964
71
104
650
940
571
660
101
578
561
305
506
488
639
265
911
389
20
606
957
437
369
982
88
821
467
981
312
286
186
161
250
256
616
899
196
187
911
648
764
823
952
621
663
591
885
573
331
904
178
287
692
898
268
132
71
734
464
734
20
650
895
621
905
510
519
452
696
781
100
811
956
403
783
618
345
668
190
675
923
719
313
967
968
580
98
38
666
561
772
37
562
666
657
819
527
527
270
223
308
721
385
615
124
168
232
468
187
773
495
461
843
807
427
810
387
876
848
52
789
971
88
702
988
96
520
514
622
790
88
281
510
825
895
633
992
126
453
530
250
947
990
92
753
769
254
491
996
101
542
136
423
981
838
410
76
357
923
50
146
363
330
8
187
225
992
530
702
444
59
304
742
400
395
495
520
648
985
516
100
879
651
522
211
840
283
639
197
206
688
342
920
17
701
106
593
693
635
647
488
693
950
230
444
344
76
964
344
412
831
795
290
833
669
853
673
951
491
221
156
178
914
75
546
615
532
491
659
166
137
146
210
86
727
6
781
802
321
476
214
151
271
855
335
939
59
359
889
549
579
397
78
493
823
976
459
355
466
117
872
602
262
82
39
989
87
819
142
407
647
355
909
917
562
595
207
620
306
447
521
884
843
598
728
18
573
186
372
38
302
595
991
916
676
29
904
114
200
45
872
846
752
132
114
665
727
320
284
384
766
804
267
609
754
347
978
326
532
701
716
186
295
58
101
323
439
356
788
638
752
660
835
855
143
948
519
221
267
155
604
32
958
223
992
711
569
969
389
452
21
456
989
316
865
89
638
303
796
425
292
900
436
126
754
579
73
273
799
339
427
755
723
736
977
66
799
545
387
539
348
407
346
337
722
210
777
711
513
573
488
156
472
923
282
577
501
354
201
652
45
979
406
119
715
734
184
865
278
922
403
625
329
748
313
402
309
90
465
173
14
952
329
837
874
610
413
727
315
966
730
359
944
487
829
10
220
13
874
497
286
628
473
966
727
138
720
388
227
184
560
592
135
888
428
360
497
192
438
812
157
167
522
101
653
351
110
224
715
336
72
352
315
897
318
394
34
37
781
260
572
340
203
58
228
630
417
76
821
207
239
978
373
