#seed = 1101
820
647
789
201
962
949
96
392
306
463
288
80
342
736
391
608
470
773
121
507
963
548
514
792
643
145
832
281
577
106
423
397
104
563
949
65
511
396
456
817
858
95
248
199
182
990
159
4
114
279
510
76
826
375
219
820
520
402
453
448
859
227
844
962
789
144
378
300
539
185
468
396
279
715
947
813
56
105
816
170
735
325
597
912
699
168
732
570
569
184
18
780
762
213
741
550
357
471
849
895
655
316
643
286
382
941
98
790
397
913
959
131
589
907
394
287
74
125
209
995
660
578
774
421
790
866
971
498
336
171
393
991
487
387
276
220
327
373
9
75
637
319
557
225
578
950
863
3
75
71
997
86
648
122
507
790
988
829
287
323
999
31
665
837
417
940
409
95
664
769
521
300
440
77
524
17
27
387
19
453
809
368
538
457
489
396
246
476
576
884
151
927
915
815
763
331
107
523
778
122
292
298
422
731
375
297
99
753
35
469
557
844
836
446
652
677
842
249
504
769
132
654
695
46
821
810
729
279
332
858
400
975
507
821
57
233
470
155
985
504
976
541
699
811
987
702
487
180
302
343
300
434
996
995
831
168
804
911
446
487
120
846
462
627
18
518
859
839
25
196
343
1000
736
393
162
74
447
1
605
748
343
905
533
338
251
364
858
54
626
303
540
746
500
1
372
518
871
230
708
895
425
402
894
513
795
55
938
241
55
895
340
749
799
873
87
49
588
296
454
213
598
993
958
450
346
681
319
216
263
26
462
687
428
707
551
222
113
489
814
520
383
505
268
533
377
706
933
964
1
386
529
599
730
838
48
427
519
718
994
781
743
455
819
170
513
370
743
626
210
908
145
944
413
412
828
141
118
760
105
118
497
985
68
578
822
467
357
340
184
350
120
927
157
291
448
669
660
191
294
221
98
790
516
862
202
343
3
671
454
459
140
302
443
208
879
264
26
235
956
210
937
427
488
93
717
935
113
728
477
759
948
927
548
815
788
101
157
142
771
962
600
911
263
394
470
494
658
495
80
613
704
16
391
543
460
108
830
573
835
306
683
135
232
230
949
20
331
458
161
453
419
113
363
34
506
832
879
515
327
958
479
382
326
870
925
785
977
754
709
163
411
743
297
643
973
598
14
655
55
174
107
825
638
822
210
144
653
88
658
331
46
137
713
723
358
989
859
334
94
920
496
504
662
145
498
634
742
511
640
148
37
747
972
674
920
182
169
572
621
827
255
18
315
319
740
24
307
599
357
752
518
204
607
179
700
105
165
441
615
804
588
651
902
912
677
821
445
845
745
65
23
999
83
689
317
822
712
975
772
420
78
289
976
684
820
675
140
336
116
755
491
55
757
745
318
433
565
762
630
661
827
652
11
909
693
327
82
404
653
854
824
82
494
799
766
665
825
905
1000
940
11
843
347
768
587
664
552
503
778
181
164
604
185
174
864
877
853
297
632
857
502
455
939
348
605
56
12
430
960
364
721
323
206
419
442
144
435
993
646
212
526
161
167
710
335
30
938
539
678
569
395
180
376
685
527
332
740
890
113
52
253
834
374
810
604
815
305
38
159
951
601
684
111
767
745
797
148
682
687
826
603
434
5
978
118
883
309
210
772
422
261
377
607
634
538
562
800
843
952
958
145
552
994
607
319
738
404
466
772
442
643
726
875
999
55
993
881
363
202
5
136
814
381
94
799
918
656
598
112
607
907
256
510
900
863
828
990
618
646
113
59
288
838
934
639
892
278
519
606
831
523
94
644
255
187
442
525
194
39
636
152
297
892
662
197
106
841
538
723
486
650
781
126
839
66
116
730
343
634
687
173
509
780
168
763
319
609
639
864
999
275
368
296
518
29
844
623
221
381
345
59
30
477
536
868
543
651
949
885
636
987
410
144
767
577
259
437
538
897
652
888
523
19
183
40
399
378
662
620
758
6
678
139
483
213
358
377
863
306
261
498
293
22
994
411
951
604
199
488
852
850
375
375
221
910
414
619
639
76
238
397
433
267
887
267
479
245
643
693
902
256
543
546
629
536
308
579
139
506
418
990
708
145
716
928
406
130
546
44
557
136
792
989
754
679
256
233
923
250
277
176
857
819
722
486
706
29
64
196
887
482
538
594
978
253
873
383
382
770
426
938
905
218
279
659
248
886
243
522
135
519
697
992
690
770
477
395
799
892
591
37
725
128
630
702
732
502
436
114
271
214
403
528
783
33
538
30
918
780
551
405
650
247
748
339
369
576
86
167
467
28
203
544
507
184
245
238
37
33
703
307
246
106
186
28
138
723
57
408
854
959
812
504
557
559
194
925
134
631
91
952
658
645
495
164
180
92
402
216
124
104
523
721
561
60
748
51
783
156
810
636
114
621
491
670
531
37
595
16
667
37
967
325
34
462
840
213
905
593
429
380
49
951
100
609
362
847
11
144
2
820
132
115
792
622
136
322
10
730
689
677
119
656
353
152
469
544
364
373
137
792
752
185
94
203
145
456
49
156
951
402
327
82
868
471
56
3
144
65
85
833
741
203
488
445
354
308
989
717
680
125
861
783
661
954
985
805
761
385
312
712
786
991
793
653
461
848
655
604
265
91
788
357
293
275
802
646
582
142
715
613
618
927
747
278
880
731
82
993
115
394
704
252
384
848
904
196
48
911
799
312
1
587
668
646
213
821
643
147
962
357
111
579
283
858
856
515
940
290
507
55
683
562
658
418
409
562
613
808
824
763
119
176
701
787
173
266
607
816
412
921
524
874
499
159
731
707
673
671
996
531
77
30
444
734
447
204
647
411
12
822
173
130
998
874
268
170
139
875
337
902
147
861
775
645
19
858
703
43
880
698
573
956
727
368
689
525
571
688
935
582
509
108
712
858
333
979
380
823
205
716
76
351
576
202
348
946
59
50
988
938
100
560
245
178
927
286
703
850
973
637
431
481
96
142
691
780
473
70
602
29
785
29
380
713
231
79
658
641
480
646
931
579
557
175
757
836
460
811
685
432
799
115
265
247
609
955
26
433
24
980
461
160
8
192
872
590
270
882
231
102
879
161
680
435
335
788
622
147
950
658
578
749
125
842
995
85
148
20
517
171
351
329
683
359
521
906
948
142
787
530
243
17
690
275
804
377
414
425
523
364
83
452
112
559
646
458
643
793
829
159
316
180
487
998
890
359
903
189
853
42
719
447
58
760
73
861
488
487
638
362
850
72
814
313
630
459
770
272
603
598
430
918
129
268
267
18
979
170
207
831
563
277
277
620
36
350
833
876
188
470
237
37
541
402
701
170
212
470
441
815
419
222
732
548
489
999
917
819
520
123
649
82
751
278
53
787
979
885
14
166
354
250
554
894
4
254
415
215
75
855
29
493
76
113
392
917
463
309
735
982
783
736
415
534
365
467
672
343
352
685
508
57
286
413
303
289
666
717
856
740
572
884
584
999
348
328
267
810
988
354
143
122
441
557
655
805
376
678
147
79
714
6
487
1000
418
789
640
83
506
495
174
429
731
109
427
78
788
46
888
775
399
382
897
191
291
903
995
666
581
141
96
294
498
582
645
915
723
637
349
228
483
874
656
213
982
434
643
770
479
882
896
229
263
144
419
553
47
765
570
627
905
17
272
754
951
269
668
673
257
16
900
739
241
907
304
223
340
298
344
171
179
591
751
441
735
522
346
781
286
267
759
543
284
382
296
234
2
964
906
258
331
157
997
572
63
652
146
402
949
841
924
479
431
675
271
165
196
616
297
481
235
55
23
518
789
319
751
790
634
8
48
964
164
396
887
226
399
32
979
699
872
903
177
655
577
447
819
124
415
116
956
649
522
979
518
662
649
268
452
282
275
851
597
790
598
484
15
996
867
993
694
91
247
222
745
175
20
563
298
434
30
254
434
904
584
951
917
232
570
720
865
196
570
461
985
519
944
351
514
163
344
559
253
590
780
997
117
152
911
414
585
941
19
371
196
602
673
464
185
243
184
49
790
105
510
127
624
805
477
489
967
820
48
219
762
179
215
230
330
126
643
267
418
14
989
965
967
661
428
152
255
611
200
397
716
61
523
691
218
999
179
184
171
226
755
284
757
969
513
438
446
507
56
215
520
44
179
487
57
959
990
663
921
541
59
636
602
581
326
819
580
857
354
750
434
108
385
190
429
897
980
874
403
35
441
275
431
971
761
487
929
102
149
850
642
560
837
243
140
515
413
71
371
767
172
804
226
556
346
654
452
325
880
855
711
320
481
141
642
241
979
571
342
480
772
335
39
960
578
530
826
342
601
548
460
772
704
686
328
49
691
779
725
570
985
787
241
465
928
883
57
258
805
750
737
928
85
127
239
14
657
65
707
257
612
167
28
667
204
707
67
894
838
791
816
174
930
56
991
209
290
47
466
94
149
203
373
585
329
612
950
337
28
656
593
991
174
973
658
377
679
724
271
516
867
86
690
796
493
32
4
783
430
821
228
578
375
601
514
56
564
463
392
943
471
985
933
644
309
590
21
987
666
643
855
532
728
896
679
220
927
34
354
356
854
582
286
229
534
151
284
449
614
675
391
84
11
323
727
319
265
99
658
930
741
512
461
468
759
491
40
685
524
745
392
377
678
29
605
211
180
240
11
145
267
401
228
277
76
306
596
692
405
605
621
497
116
433
317
226
923
708
262
798
452
653
174
130
34
131
692
213
370
703
357
636
455
936
265
882
593
212
573
349
816
193
846
283
977
162
508
899
869
769
696
320
773
222
801
806
352
493
370
73
195
78
61
1
365
325
883
958
888
455
306
703
648
151
985
976
664
844
875
884
964
922
556
736
495
356
894
198
848
615
271
394
693
683
395
57
359
277
366
246
731
672
948
730
174
284
706
190
479
932
73
442
205
628
529
700
336
774
897
183
389
519
929
433
201
323
841
559
951
559
156
33
230
455
763
755
738
820
296
216
751
369
9
955
348
890
6
683
663
255
218
403
773
498
187
326
820
28
236
122
938
392
154
167
846
268
273
936
87
569
503
837
289
512
144
988
401
501
23
415
755
240
818
880
737
4
205
908
383
440
29
320
183
534
838
29
802
463
964
888
383
466
77
671
329
572
10
81
72
32
496
179
271
665
58
359
668
262
618
403
53
998
74
236
532
912
616
333
726
579
220
108
396
648
130
77
219
139
157
643
171
4
173
793
668
230
152
688
843
121
442
247
119
515
482
650
778
97
982
503
27
553
962
775
553
91
851
123
230
359
765
400
715
289
192
734
870
695
421
712
816
214
311
934
729
792
935
858
241
268
713
619
820
674
393
724
765
595
847
994
954
963
745
20
252
288
753
121
335
174
185
502
739
495
787
819
638
721
677
878
988
389
849
159
62
241
883
178
836
729
523
141
691
267
160
294
907
912
415
241
437
951
94
176
797
880
994
434
600
22
664
587
410
512
97
824
752
979
1
939
59
524
79
102
142
238
395
48
502
161
640
938
463
733
113
259
612
459
693
563
480
356
501
242
219
598
65
970
928
65
261
987
940
339
88
82
929
834
129
430
347
121
367
809
853
832
68
817
642
760
379
121
467
880
362
685
829
778
6
756
843
266
742
782
957
181
863
885
367
344
666
713
464
32
521
668
215
588
484
856
699
863
329
165
94
42
201
922
820
207
677
14
824
771
795
132
951
10
368
317
705
33
29
168
417
902
835
631
489
671
839
188
533
167
704
978
560
905
899
379
463
575
392
286
345
539
770
648
900
137
316
604
170
697
123
586
598
309
568
86
331
758
625
863
276
329
840
836
585
90
214
47
17
958
684
361
496
453
360
747
942
676
702
111
372
176
48
969
484
967
406
815
725
383
29
1000
711
221
835
295
662
401
693
678
358
376
391
205
181
750
303
122
777
4
584
148
179
631
468
14
949
226
180
673
608
561
25
318
133
211
964
794
611
656
472
320
383
862
876
563
611
178
36
740
533
619
887
711
601
707
77
550
932
608
574
539
168
598
208
300
809
523
94
771
178
917
91
912
778
318
827
740
496
862
479
380
481
718
443
81
424
519
982
707
126
556
597
646
153
804
945
313
326
390
84
855
306
526
766
435
195
944
175
42
806
5
422
638
722
864
718
497
734
52
555
859
607
151
856
111
954
801
424
279
542
859
485
848
736
603
282
930
546
808
972
351
813
745
340
886
608
58
383
341
461
937
551
67
440
407
177
393
559
952
24
100
810
508
299
897
462
933
827
8
740
150
710
904
894
50
790
853
459
524
545
919
812
95
985
251
853
513
644
411
465
19
863
626
878
161
523
340
445
701
347
185
850
408
88
95
457
229
947
915
752
491
185
564
937
521
166
790
34
161
552
850
179
766
475
57
279
997
748
723
49
94
907
898
853
347
344
310
575
290
576
679
132
761
594
421
633
759
210
666
920
113
515
450
879
342
858
157
338
605
231
387
50
138
636
903
836
980
212
762
621
139
792
105
251
385
525
884
496
86
549
767
550
416
216
428
757
426
936
446
30
167
184
80
656
820
982
843
151
545
604
123
683
396
579
934
132
103
169
627
540
717
745
90
484
313
869
592
738
157
38
767
323
221
846
330
392
179
172
894
723
127
369
406
874
947
691
6
402
859
984
941
927
81
382
411
393
251
2
130
407
391
248
81
612
94
410
355
272
933
601
347
411
969
752
285
915
442
642
668
652
977
961
578
57
342
340
449
592
342
930
350
84
178
430
47
271
191
402
894
475
2
240
886
322
343
522
588
136
163
256
787
491
216
717
548
557
56
996
501
749
278
850
833
455
632
879
77
822
632
970
297
985
562
534
306
256
55
894
392
217
501
178
707
716
246
606
624
302
954
476
50
231
326
234
685
957
113
761
130
96
82
426
81
995
959
386
251
13
631
642
581
483
171
640
198
417
597
174
718
550
649
119
132
326
353
816
282
817
928
412
912
362
189
992
356
500
730
606
512
712
247
445
195
770
436
744
186
32
917
255
934
918
373
65
243
77
233
877
893
160
640
157
521
828
148
877
327
229
834
191
941
81
987
135
202
774
230
739
805
499
993
90
416
717
155
10
794
739
238
38
898
877
194
771
705
694
999
383
922
832
925
214
264
911
700
465
684
930
203
841
428
547
282
195
264
788
204
409
526
442
798
424
670
992
194
726
37
192
109
958
375
33
172
639
296
223
103
331
152
306
523
579
852
805
125
467
592
681
227
118
474
25
893
143
368
438
869
404
981
329
361
355
361
884
993
8
107
448
339
610
753
213
541
956
17
665
775
961
345
1
78
170
25
322
313
392
759
533
147
739
861
860
445
573
95
438
581
201
885
271
163
989
835
703
296
852
367
422
164
64
423
241
233
799
914
897
543
672
429
689
762
641
548
558
214
643
347
146
195
231
768
357
571
602
411
219
805
130
640
968
193
414
560
777
565
473
26
107
496
806
147
609
447
47
519
12
41
865
157
235
448
276
944
18
229
354
588
34
483
228
353
27
993
265
156
557
89
181
663
585
986
162
545
432
208
63
443
248
928
951
834
727
578
777
744
807
483
684
192
317
911
896
696
255
160
851
812
249
31
826
185
368
987
81
152
546
496
946
793
423
897
979
149
826
755
244
632
589
927
175
258
189
71
953
796
230
803
607
830
185
784
14
904
123
447
55
668
942
1
813
716
249
791
216
74
897
459
58
838
738
232
95
278
654
399
73
236
553
31
65
89
815
431
992
937
229
47
956
170
399
120
885
647
910
100
72
159
910
481
996
647
713
442
277
718
840
349
953
392
732
370
480
546
152
823
834
380
869
141
549
619
261
785
617
522
884
689
32
793
169
27
792
233
820
68
303
11
768
607
754
851
976
585
396
479
408
581
210
628
74
110
247
334
894
863
207
777
903
239
922
424
617
65
8
437
484
310
799
603
917
553
454
244
137
201
75
544
782
284
172
855
394
770
540
639
984
746
768
887
984
689
662
953
105
669
389
588
331
187
190
247
91
643
842
228
844
916
123
625
552
294
831
297
415
722
935
399
467
702
637
803
742
650
107
846
318
847
433
1000
33
975
246
476
617
440
703
460
355
825
436
906
471
618
554
885
339
489
635
158
542
623
312
636
272
418
833
942
264
618
941
648
592
539
123
208
978
825
20
684
2
455
942
472
73
495
708
763
983
695
920
877
669
231
512
941
648
344
234
263
961
526
911
552
64
33
112
393
210
131
77
563
585
18
386
9
512
93
772
495
139
691
723
808
274
234
100
273
929
333
536
890
858
446
793
274
830
256
666
391
386
742
953
323
111
338
331
623
783
454
469
921
497
191
80
770
776
531
394
704
215
929
945
425
726
90
698
908
345
715
298
83
457
251
405
567
588
87
541
722
893
9
643
389
551
74
510
326
605
903
382
171
184
326
595
909
767
292
816
112
359
114
546
815
716
950
733
655
388
626
377
280
986
371
668
537
444
529
214
400
432
595
571
615
273
517
875
39
161
691
502
519
156
47
685
223
348
417
877
88
394
253
367
380
623
387
268
419
915
481
170
346
428
92
312
52
609
187
442
769
229
944
287
736
342
971
958
42
739
834
129
485
439
495
864
61
233
131
831
148
963
1
845
742
92
157
793
700
695
235
820
923
530
458
10
223
780
967
264
519
152
744
355
590
591
218
651
823
700
481
970
14
833
815
756
925
323
548
976
17
134
796
291
663
253
300
886
33
618
501
903
769
245
257
359
835
826
361
657
877
193
979
890
26
145
997
950
467
897
925
835
30
72
477
45
325
128
930
709
745
430
963
513
26
219
871
860
396
231
869
272
424
847
513
449
991
862
750
809
758
26
995
139
98
823
183
774
950
112
834
694
894
796
206
919
366
429
131
761
11
999
384
434
197
248
234
539
109
335
699
218
361
45
357
810
867
539
935
816
3
768
861
248
563
418
518
280
846
648
40
857
998
775
642
546
22
228
436
483
562
134
700
274
178
408
435
396
299
369
211
653
488
423
900
402
841
769
681
686
769
720
894
766
494
888
664
868
115
99
350
28
585
401
654
114
161
88
510
459
457
72
463
296
495
362
698
335
482
378
372
250
450
618
368
295
505
31
162
971
481
863
350
65
616
3
179
776
91
688
586
899
759
48
194
253
761
243
939
242
621
311
844
70
928
211
716
784
241
878
754
721
92
103
138
59
458
316
186
548
3
771
798
113
170
343
718
282
586
656
876
558
966
719
979
245
281
694
380
521
923
133
593
367
588
730
425
45
397
611
944
751
733
93
864
255
787
581
888
724
236
115
281
554
185
611
150
465
305
530
337
579
14
282
945
601
11
722
997
760
684
292
510
768
736
373
374
523
305
614
246
541
728
879
446
913
489
947
729
145
476
66
76
842
347
372
794
709
445
791
468
128
434
330
248
170
702
621
44
7
234
289
899
314
519
696
578
360
642
306
504
470
371
931
311
69
303
104
130
747
246
949
227
680
278
474
201
332
446
244
338
680
884
588
345
403
635
922
762
276
227
617
97
950
548
407
370
202
863
499
948
108
448
174
787
77
999
339
408
445
582
97
476
466
36
820
220
670
93
981
946
319
949
42
620
496
801
990
697
663
488
997
770
287
522
909
364
521
599
123
965
181
220
792
998
255
611
569
925
703
549
222
373
849
615
993
697
767
334
745
429
173
741
551
460
263
811
175
135
409
649
451
941
868
242
290
475
204
858
751
258
758
324
630
607
290
974
303
57
659
47
837
832
140
739
291
754
549
817
888
310
465
338
250
685
579
540
159
134
397
261
391
155
936
372
113
225
698
415
633
356
813
470
187
952
208
829
705
109
645
944
418
462
281
19
146
211
558
656
344
307
916
86
813
851
458
925
427
155
691
60
510
855
881
49
159
88
877
215
196
522
159
965
983
791
984
480
2
893
135
697
199
402
783
363
604
240
639
30
746
329
441
607
536
321
655
694
409
532
260
956
405
418
921
387
561
256
866
562
148
352
610
699
753
392
61
356
983
700
737
728
380
178
687
915
498
341
960
258
224
572
214
628
989
486
366
901
741
583
462
240
934
424
938
686
815
999
393
150
698
130
229
429
307
915
696
156
608
7
414
831
578
627
459
567
464
176
467
556
759
281
795
692
56
85
730
222
83
122
371
132
603
600
912
261
866
607
417
473
614
830
656
191
808
466
109
271
641
928
178
399
560
324
443
615
408
524
836
842
997
207
973
600
158
237
860
375
843
276
848
456
457
855
999
264
320
107
886
960
34
415
359
593
739
153
207
498
676
395
340
672
953
664
623
110
900
483
484
743
110
683
550
567
537
548
182
856
655
420
168
40
834
878
633
924
30
191
422
57
937
761
728
889
424
351
998
324
185
834
418
646
868
967
564
757
867
98
964
521
517
131
560
350
8
544
274
389
87
695
445
23
807
525
912
230
227
261
905
411
446
674
408
314
993
972
422
859
69
385
379
585
516
290
286
875
186
911
264
272
957
60
294
763
584
557
345
810
170
601
572
615
275
980
280
267
303
701
125
371
438
855
307
305
144
592
179
329
855
794
952
811
206
598
926
789
154
270
951
675
222
874
290
496
205
569
114
507
622
238
229
59
444
535
363
588
479
893
268
333
39
572
495
244
169
772
384
674
41
686
349
615
560
638
110
116
558
576
623
531
813
851
941
609
738
655
548
216
548
815
900
586
386
746
181
906
518
564
580
910
250
928
524
161
917
986
276
826
561
250
357
725
101
649
333
190
304
880
405
851
47
656
788
784
401
968
690
270
883
269
180
484
548
703
996
816
40
272
641
600
873
349
325
325
998
657
514
301
889
270
503
935
925
290
718
678
609
759
299
843
27
478
327
926
533
674
741
572
297
734
524
170
82
848
494
79
856
360
731
744
629
233
30
906
874
100
935
482
858
233
677
237
63
355
162
595
28
255
518
325
988
41
494
69
240
339
500
96
698
230
191
327
815
221
232
688
320
518
522
177
750
198
413
812
552
927
758
579
181
276
255
520
668
748
588
908
87
439
355
784
21
545
462
835
765
45
874
436
562
747
965
312
944
729
475
847
655
233
778
187
860
32
706
527
132
646
786
570
436
140
705
456
37
167
642
153
211
516
589
773
614
553
436
910
281
910
756
288
494
885
474
353
269
532
232
400
177
369
321
612
509
25
420
897
191
61
49
754
928
989
878
542
541
313
451
174
574
558
813
68
795
638
772
63
169
3
814
697
724
134
309
584
158
80
480
349
492
528
454
420
517
331
313
409
643
115
934
568
24
746
635
818
384
407
232
904
761
45
601
836
530
261
419
688
340
898
388
831
778
841
602
294
171
266
54
165
380
988
732
404
85
719
573
820
477
805
724
589
201
676
425
731
936
