#seed = 1001
933
752
952
793
455
491
114
70
521
407
251
756
964
236
458
315
103
28
945
81
386
604
109
231
826
275
153
736
347
40
522
280
143
825
424
598
316
537
667
836
944
270
592
259
857
401
574
959
429
870
391
166
825
499
396
651
126
900
386
472
940
260
103
82
84
526
31
751
63
50
939
358
319
882
616
175
282
541
133
62
410
875
228
235
373
975
237
850
227
974
674
518
233
776
951
669
302
982
419
716
383
357
425
701
590
392
227
224
933
359
285
694
585
864
280
957
839
516
159
417
842
832
934
74
607
236
94
260
569
513
975
951
221
751
3
163
143
229
386
75
939
670
120
523
534
400
832
724
267
990
492
108
821
777
534
779
12
627
39
581
491
365
883
64
116
886
226
258
114
611
684
53
280
803
575
165
554
406
240
821
747
731
280
919
859
813
698
871
440
88
803
282
452
685
345
919
570
570
176
36
180
211
88
812
14
14
328
919
772
568
739
870
650
19
789
509
183
838
731
974
925
533
256
728
569
600
647
491
522
174
526
701
385
965
864
750
330
192
668
453
111
759
323
112
129
111
972
663
948
702
637
224
586
892
951
155
843
597
645
364
123
170
417
507
486
280
608
815
823
627
268
285
737
590
397
865
52
368
880
351
422
516
574
7
759
524
161
601
473
157
965
595
678
733
453
163
12
60
330
187
38
949
471
775
890
867
991
941
587
870
291
8
737
216
366
495
739
527
96
563
35
412
157
713
496
609
227
507
20
556
693
410
504
516
184
393
382
526
685
320
748
327
327
484
542
693
331
633
571
778
195
957
541
352
21
36
312
248
542
332
155
587
741
11
454
276
755
835
153
440
507
252
118
185
88
12
229
418
644
151
195
190
108
735
541
128
770
205
727
663
888
882
601
980
244
54
255
998
241
759
789
747
11
259
931
450
270
512
867
913
662
413
454
769
499
347
249
268
551
975
282
438
208
235
417
451
288
23
801
880
781
589
626
143
199
909
592
468
420
810
732
433
222
186
202
720
532
450
339
82
424
973
871
984
207
639
434
494
661
234
374
793
175
351
288
373
611
879
193
382
41
924
815
262
461
368
334
992
169
24
425
944
996
647
927
202
285
361
48
945
946
773
90
120
475
377
845
438
607
37
171
647
312
337
261
773
704
594
116
224
969
893
168
965
539
94
518
176
806
917
472
752
689
561
223
516
937
67
953
544
455
123
190
767
812
802
891
867
747
6
91
716
250
258
32
789
351
549
964
509
818
435
260
506
348
482
373
284
901
325
179
355
800
721
473
611
522
363
477
269
721
567
984
970
176
367
110
879
915
425
387
732
212
646
590
911
479
962
194
379
639
725
86
438
445
910
400
318
625
228
938
697
147
273
18
322
639
480
200
906
904
938
989
467
935
578
377
414
892
923
144
530
999
581
319
795
491
70
112
467
297
50
163
795
322
180
117
313
659
668
218
915
606
206
733
892
136
110
305
27
384
801
908
382
733
578
176
575
999
287
41
647
688
555
442
362
735
558
674
745
577
891
11
534
448
744
426
583
853
82
961
588
234
220
969
967
149
496
541
147
134
934
794
822
488
587
535
574
496
208
319
72
450
329
958
897
424
383
832
628
816
144
215
50
364
535
368
512
30
260
11
164
193
156
985
33
742
871
606
237
78
276
308
879
957
265
127
380
999
310
8
815
454
574
216
169
109
583
680
138
194
42
301
387
197
637
419
290
507
376
526
936
652
186
814
960
802
293
691
153
602
698
319
407
272
534
575
380
468
607
869
661
648
170
399
197
806
169
486
665
545
364
600
548
549
766
859
350
410
549
502
11
599
172
418
222
705
992
601
524
598
821
185
598
990
935
794
148
104
631
812
1000
994
763
899
542
528
757
244
937
657
97
300
255
269
69
476
325
412
428
849
362
249
385
959
590
671
104
737
774
734
900
125
80
663
375
973
542
483
216
479
140
665
130
394
285
198
222
961
609
649
809
322
249
545
280
839
216
383
927
341
469
827
818
548
489
192
520
30
675
88
860
814
104
341
559
388
538
132
348
499
133
509
820
381
405
452
571
972
186
498
313
6
676
482
905
164
673
425
545
699
864
757
512
967
97
423
706
987
554
405
837
38
265
8
419
670
459
341
641
997
838
305
2
513
786
907
28
459
683
925
157
898
681
21
216
129
795
921
115
700
677
303
738
942
311
508
611
121
848
251
469
686
556
471
550
693
729
930
151
763
854
660
12
886
32
227
14
826
499
481
525
175
783
614
468
445
121
78
566
969
681
34
6
588
856
907
280
936
836
783
50
689
794
61
574
825
639
940
650
137
420
526
664
202
140
131
999
612
561
564
580
593
949
937
532
157
844
163
92
31
297
142
720
90
554
645
914
193
584
915
681
355
441
344
909
932
827
907
543
739
470
475
683
770
411
214
926
606
728
18
637
25
511
708
114
416
352
380
608
288
294
289
642
734
984
550
665
162
456
560
900
277
34
934
47
796
499
972
402
227
341
390
251
203
449
716
619
152
95
578
439
741
218
433
474
554
334
491
715
142
50
967
418
83
900
816
230
399
140
631
977
832
372
579
35
820
294
5
972
741
934
762
833
152
194
306
705
880
148
771
21
549
89
438
983
341
606
213
91
745
195
67
928
567
645
962
738
290
318
709
382
252
823
214
755
368
872
811
247
19
933
267
920
22
57
902
362
662
114
452
758
309
518
685
875
514
999
964
803
316
25
185
919
847
750
25
214
621
835
813
992
768
79
911
789
135
812
502
148
926
953
905
234
822
942
460
687
940
423
841
255
447
25
526
645
127
550
211
747
385
23
738
504
101
1000
644
588
812
145
735
737
449
992
322
622
933
133
308
872
907
148
478
706
525
355
350
651
905
560
749
641
582
839
496
35
838
139
622
649
635
708
737
83
51
410
704
983
542
363
206
801
510
36
506
386
390
855
388
294
767
137
286
700
975
781
734
812
271
707
813
905
767
549
987
817
959
42
152
852
404
357
652
266
744
157
3
134
364
391
779
482
527
65
181
853
197
267
664
468
325
476
372
443
377
711
612
335
752
763
538
508
471
190
125
215
698
127
700
61
869
478
894
747
542
75
599
91
693
615
558
369
442
929
812
818
991
423
504
743
537
42
602
359
583
726
925
280
204
624
693
425
102
586
171
995
12
770
85
56
384
642
425
825
923
588
995
913
362
498
7
898
891
608
256
473
685
181
105
241
156
797
665
257
734
835
252
98
956
336
153
339
330
929
516
604
516
510
868
877
359
875
126
250
834
734
74
871
266
178
111
421
326
127
678
412
961
281
509
917
968
13
607
297
294
474
252
161
335
120
390
46
994
515
647
179
600
720
49
865
250
511
638
927
637
667
338
950
947
198
218
914
563
176
563
856
2
814
16
336
933
757
381
278
272
27
809
223
99
209
88
700
720
725
626
708
391
964
9
689
513
226
954
75
754
516
282
755
682
650
442
966
406
823
596
29
201
404
252
651
612
339
350
683
415
976
743
157
291
751
197
803
329
150
878
434
666
511
188
699
160
629
664
566
803
259
594
4
14
845
6
978
535
356
12
301
331
754
457
621
857
5
775
185
155
652
618
172
163
157
870
674
137
885
239
940
496
833
295
509
29
300
486
564
655
850
864
337
603
673
309
459
677
84
995
183
87
612
354
601
120
575
275
257
460
513
196
955
697
842
815
726
141
653
289
148
502
152
484
104
176
793
915
853
876
909
387
962
873
741
563
992
667
837
248
126
701
795
432
398
636
247
123
777
251
411
276
752
914
759
207
442
903
121
646
130
30
32
92
902
772
6
245
439
194
493
916
894
287
700
643
923
946
765
51
196
527
326
299
793
436
505
234
339
978
231
820
359
262
263
260
386
268
856
176
813
348
91
59
987
790
701
261
87
466
663
634
344
988
284
488
775
789
73
465
766
303
285
124
565
547
735
950
167
942
125
979
290
567
37
628
709
738
240
147
555
902
781
250
241
416
738
15
204
810
832
321
113
116
796
29
14
882
978
180
824
454
511
465
372
547
444
80
636
683
579
542
584
711
792
176
126
881
190
682
690
373
2
154
488
150
182
854
31
511
33
206
316
543
22
688
442
465
119
77
147
697
619
82
759
762
257
885
642
799
566
683
171
919
837
11
420
370
864
451
881
896
8
196
791
30
235
232
494
706
660
993
402
630
74
513
391
331
397
384
129
314
67
299
232
903
309
652
624
524
454
504
420
813
52
562
842
638
145
688
343
804
680
97
786
753
609
176
435
357
912
915
670
978
566
253
232
874
904
855
750
709
711
169
522
114
82
715
751
226
754
94
381
785
190
166
538
150
694
324
506
605
239
175
934
804
427
165
29
683
371
778
743
81
298
616
546
379
331
297
956
436
742
337
221
931
502
110
432
195
433
937
799
23
463
732
826
889
248
207
923
971
336
666
403
634
281
949
364
963
245
320
399
986
656
619
268
157
80
51
704
512
987
854
887
449
586
64
689
185
270
612
155
606
629
558
591
909
506
306
224
102
625
622
439
632
592
58
141
23
108
844
534
94
697
420
894
634
484
934
171
105
897
325
62
525
234
652
786
91
310
9
192
934
982
982
918
925
39
58
947
146
253
832
591
949
604
836
935
439
770
105
543
18
781
957
543
15
608
328
105
917
688
649
203
21
630
472
945
21
529
243
518
781
74
461
81
677
296
367
467
417
471
10
435
604
966
329
618
925
656
74
194
695
74
748
715
56
219
11
76
99
253
945
231
678
405
311
707
701
30
173
469
500
534
903
455
851
583
424
776
238
498
321
284
923
420
350
978
638
360
405
88
964
702
318
642
106
980
700
158
9
872
627
861
406
881
315
256
464
739
383
53
588
55
689
510
474
38
840
463
750
596
550
713
297
867
706
403
847
405
560
207
629
538
67
386
771
382
993
234
120
376
638
707
782
326
568
608
364
407
70
465
3
972
177
299
190
235
53
388
991
965
595
619
502
661
356
272
42
349
857
513
76
495
219
857
820
139
464
535
545
886
999
899
857
528
550
46
114
602
434
104
918
380
75
420
40
430
43
82
130
252
946
205
98
165
414
269
303
877
804
199
114
154
98
322
681
647
720
146
600
505
250
518
884
676
289
923
105
683
356
235
934
302
791
31
818
204
300
472
433
455
670
546
960
119
220
993
765
939
138
717
443
387
234
326
62
874
248
519
556
956
105
842
257
895
224
74
451
875
545
883
681
566
780
641
685
999
633
801
289
770
869
731
157
454
408
570
327
656
440
235
963
544
428
219
791
651
644
593
878
188
827
558
105
958
198
141
957
182
942
597
952
162
328
460
616
735
381
942
742
821
528
704
716
955
274
858
958
917
450
835
456
628
744
561
586
294
701
542
475
994
490
426
508
817
237
123
904
618
416
997
790
944
53
505
898
326
715
855
595
164
41
50
792
785
962
377
78
15
270
904
360
759
682
867
928
918
989
183
887
405
179
676
348
231
533
597
909
247
804
503
762
844
904
905
980
866
281
409
880
902
665
239
13
346
106
292
615
94
474
502
850
4
529
197
235
61
146
495
307
949
997
69
144
900
325
476
117
606
884
996
859
548
587
223
245
692
514
860
137
339
361
987
343
889
535
929
950
32
423
608
980
771
28
124
22
353
951
139
310
834
134
520
734
72
743
978
763
608
837
252
947
549
590
289
438
124
217
739
156
991
698
487
761
78
962
782
430
912
272
91
98
758
610
831
829
704
160
592
664
997
195
610
545
784
250
334
259
466
72
414
456
122
253
568
199
214
701
628
478
973
70
575
730
31
405
558
87
564
501
750
912
695
359
457
478
608
142
737
425
214
502
232
335
106
799
885
320
851
864
797
823
933
723
552
963
127
462
401
42
962
150
954
9
508
762
486
467
903
574
243
468
428
474
154
533
624
38
852
475
901
1000
649
185
722
201
500
200
14
900
594
975
50
899
983
909
12
821
728
266
394
970
86
173
796
239
706
419
629
909
245
881
261
894
418
982
446
917
534
459
168
479
785
217
377
120
478
388
940
205
653
685
174
90
858
969
681
915
740
309
823
336
541
83
229
958
417
26
226
950
836
394
780
621
962
156
92
439
895
383
995
899
419
521
989
276
489
669
542
580
329
365
916
869
447
496
179
215
522
756
164
357
501
943
329
463
450
420
253
344
802
248
243
221
768
583
848
608
251
390
540
579
106
455
799
904
950
977
119
471
85
634
180
585
577
508
47
378
280
652
74
433
251
668
653
370
250
853
329
500
594
868
430
699
322
228
602
624
557
720
94
641
354
625
225
282
485
624
11
764
627
84
196
877
751
201
246
1000
405
574
851
998
794
280
48
115
508
1
738
416
73
184
408
778
160
984
411
644
607
421
759
585
505
307
461
607
859
58
959
263
984
809
612
777
89
11
243
948
11
981
715
83
516
122
212
27
105
622
671
64
43
781
648
899
87
109
505
945
518
463
207
501
624
170
277
712
180
520
11
191
852
725
625
719
198
837
745
302
458
767
717
852
548
365
750
634
825
607
931
342
69
137
195
44
659
471
755
838
342
117
28
545
193
5
615
390
841
360
44
650
478
760
502
25
476
603
11
300
209
941
994
630
429
188
673
87
10
780
277
352
896
304
248
441
660
863
182
500
574
225
502
51
337
355
428
812
957
790
464
166
82
457
147
862
996
819
949
5
950
577
708
198
880
956
638
892
170
819
743
743
396
244
145
84
598
924
895
907
713
710
424
794
166
570
656
161
740
956
518
690
532
225
239
763
532
876
654
701
46
397
795
441
992
292
524
590
215
771
496
928
480
271
721
998
840
728
510
931
35
27
972
566
604
210
681
135
85
334
188
483
82
334
923
74
625
799
15
840
921
862
767
752
132
839
749
323
919
611
253
953
989
225
871
592
434
551
79
871
236
618
353
670
951
627
95
928
777
109
767
697
322
885
801
453
75
901
775
993
511
379
298
852
955
520
795
741
70
225
611
657
842
315
678
145
293
772
72
70
232
190
118
553
426
918
5
500
819
131
845
681
862
494
884
816
13
679
556
434
903
518
90
97
832
120
241
125
891
664
546
123
853
663
675
630
933
32
129
103
514
325
135
375
818
19
191
830
697
746
263
599
264
705
695
447
824
287
571
66
950
116
540
154
131
215
135
63
598
264
517
111
940
651
486
758
669
676
939
365
773
554
316
388
610
362
835
785
1
405
850
302
873
390
808
355
956
942
417
553
557
933
663
497
935
500
606
604
175
896
320
300
449
987
687
410
701
521
194
701
278
396
2
150
785
809
856
92
751
272
996
307
556
658
155
490
510
760
445
684
656
765
983
456
751
670
866
451
542
59
503
819
454
505
320
590
665
175
33
767
798
28
426
353
38
580
195
547
692
639
582
347
755
917
154
506
586
19
308
479
430
163
298
235
19
617
177
683
792
209
802
589
237
227
294
626
806
840
172
849
478
753
547
233
669
701
90
606
71
749
85
500
911
734
87
281
350
263
964
493
471
117
434
59
343
79
684
500
918
207
349
395
312
895
979
332
947
420
290
18
169
374
517
431
459
955
712
160
217
27
653
40
143
438
98
837
516
134
336
433
692
36
179
3
283
158
335
229
929
976
246
97
701
115
880
159
69
591
318
638
969
970
677
463
759
126
299
274
259
634
58
303
22
589
305
304
98
991
532
26
966
130
123
666
596
354
176
664
296
494
301
264
815
977
726
574
455
376
199
65
361
257
367
382
845
24
37
294
366
569
319
684
50
441
701
645
146
877
660
441
370
961
704
536
289
781
109
743
156
660
808
517
916
526
250
112
549
287
405
915
207
75
598
256
868
650
252
13
526
911
454
247
223
509
783
512
642
243
606
797
902
765
665
169
291
915
632
191
553
388
457
759
463
406
366
330
56
617
342
933
527
147
180
102
656
314
613
649
556
570
797
458
687
462
978
329
728
610
519
280
997
328
390
459
733
755
140
140
723
834
73
601
980
252
702
987
565
666
635
120
236
432
929
274
245
907
602
972
516
472
603
864
799
344
675
884
450
814
23
172
999
95
772
979
346
474
317
262
491
952
734
726
735
662
351
979
920
952
302
787
776
256
651
574
599
677
457
48
842
480
571
841
926
694
171
624
167
487
885
10
438
970
735
172
984
438
502
903
389
803
42
164
58
44
90
8
720
898
407
561
729
977
753
655
671
923
278
189
410
514
198
199
484
285
723
467
722
576
369
462
379
410
978
788
453
67
796
524
964
202
437
693
531
189
699
553
464
976
93
225
489
643
423
972
927
497
790
1000
73
511
813
803
272
790
590
77
208
385
600
172
939
36
216
821
577
266
373
40
241
465
264
81
459
38
405
737
887
194
736
959
704
901
761
976
690
702
404
898
439
3
421
377
391
988
197
967
253
921
358
845
737
621
277
196
10
681
932
896
227
20
854
282
272
966
609
313
668
12
562
106
15
982
834
757
321
382
723
925
654
80
121
390
52
398
937
61
78
221
957
304
592
162
586
863
480
546
175
499
558
737
956
572
70
789
680
743
522
402
19
175
833
140
916
236
537
205
296
614
425
604
270
368
118
207
582
597
752
108
95
661
844
50
584
266
190
263
360
711
664
378
237
848
517
152
83
405
356
731
371
132
334
640
499
451
198
80
399
301
188
845
962
383
246
545
1000
435
160
359
497
823
89
733
23
957
237
105
362
944
835
732
76
521
723
926
323
920
358
722
572
897
566
533
631
812
430
631
598
589
341
95
763
429
179
785
386
767
242
99
711
428
830
138
948
552
63
271
471
772
344
394
668
261
927
299
72
708
929
22
648
621
468
410
402
646
547
139
413
788
237
475
215
66
612
515
617
26
137
439
798
480
832
465
92
110
763
164
169
43
537
816
16
4
226
417
649
124
555
413
911
791
887
477
208
850
343
176
876
479
614
673
310
797
489
402
259
252
917
779
646
453
595
661
456
172
77
456
295
983
221
205
773
459
33
980
309
376
155
536
854
120
560
516
269
48
917
879
651
833
657
297
637
603
309
444
774
738
899
68
720
471
624
493
930
657
824
590
384
331
477
589
802
36
104
422
83
372
300
734
556
309
382
192
911
690
635
685
427
886
104
147
708
728
991
989
736
166
578
119
496
54
59
298
441
163
719
524
534
371
257
442
679
638
633
941
679
620
625
106
857
729
604
564
808
946
553
543
111
482
13
607
888
71
256
328
585
326
851
119
48
459
912
726
448
544
667
127
515
643
584
371
723
187
935
530
132
839
72
594
320
84
552
559
507
807
887
91
485
89
561
532
548
472
610
347
368
628
473
882
622
408
253
345
946
539
874
429
729
298
23
400
733
574
959
239
733
197
682
569
285
242
452
184
714
61
531
433
40
355
314
662
115
918
358
60
808
583
489
536
880
511
936
965
436
246
555
168
794
236
88
78
830
540
614
543
600
496
327
992
202
640
5
316
558
362
728
365
944
216
253
176
78
540
492
513
137
46
33
930
634
120
359
463
11
972
357
963
819
683
954
21
322
310
688
231
671
415
948
966
982
200
493
59
91
336
924
227
382
308
156
15
779
514
477
790
838
185
104
8
867
57
380
188
366
68
771
388
834
718
705
168
269
550
578
359
885
501
937
266
160
92
632
291
957
460
432
146
644
535
154
510
943
533
50
308
952
172
47
138
241
103
305
509
652
882
219
537
735
155
154
894
598
138
536
906
597
967
404
593
853
557
454
795
441
855
454
393
26
852
530
266
955
834
126
606
67
696
494
801
202
648
47
151
785
582
57
733
901
812
325
105
368
131
900
160
985
705
904
363
557
433
628
511
618
106
468
685
801
962
837
3
961
883
505
97
465
561
829
717
372
506
821
91
636
72
603
620
777
506
982
333
291
962
195
260
419
662
296
571
975
133
573
935
15
430
31
831
990
212
547
714
717
720
156
704
791
758
323
919
264
657
251
906
970
797
165
388
811
461
958
785
593
883
72
607
312
102
790
653
665
688
718
381
407
226
84
550
983
759
468
598
767
71
503
88
219
668
827
29
480
136
814
72
370
885
30
33
338
819
38
3
859
755
735
617
332
171
166
315
281
986
264
399
408
119
486
626
138
312
7
617
799
820
40
169
56
69
201
745
240
238
99
98
345
186
714
676
356
232
342
988
569
958
386
328
76
223
953
565
886
311
181
684
482
220
852
537
640
405
634
879
642
732
328
338
269
394
14
976
625
707
963
545
664
700
872
739
922
176
303
807
487
835
491
968
406
342
857
46
98
842
276
740
925
604
77
194
997
442
169
973
149
132
869
812
831
740
903
105
267
557
911
105
744
401
73
149
95
281
546
192
122
822
283
46
425
712
239
773
505
760
97
653
891
965
817
73
704
71
177
322
979
440
427
722
192
851
223
638
131
768
830
604
589
464
1
365
527
592
489
32
351
585
36
241
549
204
665
604
626
194
278
605
633
704
678
824
554
900
462
36
20
643
991
608
458
991
325
985
582
165
368
932
750
755
524
650
959
189
606
584
734
883
540
366
938
218
541
491
469
2
878
488
996
868
448
454
210
124
790
792
288
157
75
37
911
599
39
221
139
644
157
872
878
696
589
815
265
129
657
86
483
534
925
830
753
372
283
962
495
424
105
135
932
180
523
195
130
561
415
268
556
571
491
433
619
79
247
235
559
903
320
393
788
245
223
892
968
857
854
815
281
310
949
212
489
471
406
618
384
173
237
939
95
727
372
713
157
618
300
68
873
619
460
660
215
682
552
535
891
757
349
171
418
649
734
907
119
492
876
854
664
465
793
110
543
516
175
700
485
474
767
357
444
578
369
11
612
272
545
502
380
893
672
797
893
757
55
363
248
283
217
263
747
9
373
289
524
899
340
8
372
458
717
815
36
85
825
647
708
369
148
87
613
171
883
505
927
290
868
527
572
436
141
670
444
865
310
319
763
650
326
134
107
42
301
494
478
125
140
185
846
639
623
810
809
858
667
88
147
886
614
70
321
106
739
116
971
48
434
733
49
111
867
156
505
519
1
982
643
141
519
840
131
141
2
292
998
668
379
496
905
344
565
225
449
655
340
419
703
773
152
751
883
370
258
387
240
259
721
234
751
591
74
233
731
427
524
81
446
902
576
350
597
493
926
46
147
265
816
201
389
319
952
623
40
561
362
279
171
434
513
273
24
586
506
106
364
29
538
809
283
114
158
879
958
435
276
104
699
92
657
439
410
608
413
450
520
126
728
691
911
592
315
934
529
820
392
892
201
929
700
483
394
209
713
351
643
989
807
693
432
463
483
193
422
248
994
293
373
74
983
284
665
650
569
