#seed = 404
90
954
416
913
4
531
96
699
612
98
341
138
406
988
103
22
904
672
684
864
492
93
545
8
184
676
600
768
679
189
196
145
940
519
749
136
310
419
763
274
570
47
284
348
957
836
913
560
606
214
77
54
279
97
436
452
781
440
617
167
561
882
872
397
113
520
799
220
850
720
304
31
749
536
329
357
679
964
258
703
202
429
828
217
476
246
448
265
260
519
315
202
536
44
147
363
76
469
12
495
446
117
106
527
360
990
601
812
908
910
44
970
679
692
279
565
304
583
448
290
668
962
206
480
18
729
703
192
585
88
636
565
93
269
440
100
260
124
419
846
129
233
168
421
796
711
204
258
993
483
689
215
425
836
70
99
93
139
720
418
142
779
542
812
840
953
600
442
811
113
467
527
122
767
579
478
702
696
688
482
489
538
912
936
886
399
213
538
688
495
434
999
924
937
288
373
84
458
376
377
514
112
47
433
853
607
946
372
810
525
37
154
599
926
45
717
503
15
193
313
964
726
590
908
918
600
9
80
909
541
597
36
906
146
7
256
111
645
245
343
38
127
643
502
437
746
506
252
6
811
711
5
789
510
747
15
470
728
210
232
932
929
474
832
582
404
861
18
270
145
575
982
738
496
740
873
719
931
790
269
87
698
451
549
958
589
754
360
381
436
492
693
733
443
521
366
417
39
420
141
457
781
692
185
637
365
774
451
826
325
164
714
768
419
607
698
477
167
800
502
145
603
636
284
749
92
504
609
93
226
411
566
995
274
892
21
158
496
201
296
624
936
158
743
160
13
247
636
498
132
519
317
251
157
106
650
571
555
177
413
274
653
953
836
901
15
960
860
983
694
417
999
214
711
547
320
832
548
214
551
122
731
352
498
701
574
438
845
170
666
321
590
301
891
397
430
563
273
84
145
804
565
640
317
652
815
331
484
235
128
874
397
166
663
412
843
108
703
158
97
727
764
753
637
740
782
379
522
892
981
994
566
266
524
106
983
500
585
336
741
748
737
929
908
214
755
697
267
247
293
998
224
998
660
14
792
165
937
508
387
205
847
692
658
74
115
66
708
331
367
43
99
805
446
396
548
646
619
79
401
810
675
364
187
565
460
458
889
137
603
373
779
217
919
990
658
15
306
127
669
281
328
469
256
861
501
93
780
320
250
987
174
28
971
569
36
554
569
433
872
87
350
380
632
12
94
779
104
392
870
78
623
392
487
776
320
931
835
996
515
59
454
154
777
791
256
407
644
892
263
348
928
388
927
291
110
889
484
455
615
547
29
680
218
319
105
675
161
298
766
667
507
413
578
933
331
645
802
592
355
186
507
880
204
866
176
702
426
202
471
128
452
131
856
76
419
408
75
9
236
491
629
424
491
97
316
508
23
747
604
470
827
16
733
476
728
722
575
515
632
432
35
479
894
466
965
370
990
860
15
186
451
935
344
204
575
725
498
724
559
723
926
626
141
907
333
502
147
79
279
693
467
703
348
182
138
482
765
315
564
472
1000
315
186
89
536
589
947
632
645
134
571
647
987
192
737
917
928
101
634
750
213
567
501
252
499
756
730
899
744
635
633
518
307
82
99
886
313
405
646
860
481
162
558
393
539
886
717
355
620
624
577
954
90
245
224
236
325
70
173
967
881
326
728
743
720
902
96
876
581
243
825
497
340
719
137
123
667
839
523
776
778
42
174
172
765
276
663
729
441
128
758
461
642
771
288
365
809
917
449
228
96
703
462
276
904
364
721
777
847
37
145
638
210
145
346
178
254
233
16
872
39
392
521
905
314
564
179
764
585
958
164
911
224
532
123
175
52
269
397
654
75
710
711
960
152
904
437
224
453
680
189
238
37
847
319
390
136
405
515
886
99
794
141
226
575
469
868
990
56
721
176
30
710
499
350
858
94
961
852
452
29
589
203
238
418
263
964
93
332
254
953
717
209
754
843
72
513
8
690
666
182
384
548
692
978
607
84
441
125
917
291
356
574
438
604
932
180
316
313
431
966
3
209
686
698
499
386
541
681
882
329
488
953
558
779
242
339
104
930
118
684
976
873
998
733
444
853
286
992
523
168
131
652
516
586
830
994
642
878
456
925
162
348
9
427
256
497
380
847
389
649
466
423
806
270
119
785
586
742
505
602
249
404
958
444
116
178
685
288
713
784
549
959
184
814
912
303
16
41
403
628
189
648
59
952
771
85
792
892
349
787
113
454
454
717
45
588
470
747
634
204
648
732
758
932
291
590
25
572
987
579
139
919
501
760
239
478
669
640
405
890
591
852
702
774
608
921
297
273
100
46
199
39
661
700
671
817
392
975
771
72
801
386
369
984
48
717
228
842
55
178
529
436
16
832
198
457
240
520
251
925
211
744
951
121
965
710
570
918
296
795
988
557
294
914
867
489
221
979
973
764
909
652
869
198
748
249
181
191
430
71
133
512
784
742
550
816
849
334
418
942
888
774
502
566
623
748
476
522
297
641
332
870
447
559
936
908
117
763
878
918
766
284
995
137
978
787
66
352
300
19
57
989
554
481
131
827
428
654
539
788
362
106
385
162
333
621
799
630
191
944
969
449
607
147
33
117
851
34
547
377
807
294
493
860
305
567
593
1
223
62
686
180
531
370
943
806
470
243
814
133
418
240
557
173
296
947
146
701
754
59
360
916
302
688
84
986
911
111
382
235
632
271
287
797
486
282
51
415
157
344
948
733
985
836
532
183
738
905
635
632
829
929
388
299
911
645
627
202
903
332
46
361
967
981
889
992
8
896
864
35
124
311
831
901
750
183
312
915
240
531
730
801
842
514
599
415
357
137
822
954
953
700
963
737
717
452
461
154
228
381
239
122
814
505
302
408
679
239
549
587
181
241
731
979
702
354
955
155
859
415
851
950
208
335
256
436
860
754
657
638
635
605
600
259
134
623
895
512
683
718
272
473
217
480
829
675
542
252
33
651
42
656
998
724
319
673
706
514
963
842
462
55
333
589
273
736
824
63
712
207
854
707
306
396
253
381
300
107
657
184
407
611
529
882
722
335
181
865
670
582
730
684
938
782
468
141
8
959
534
245
112
232
154
459
46
530
894
749
796
219
781
7
765
559
497
844
141
938
453
500
854
711
855
673
531
428
84
408
524
941
136
357
475
347
336
826
418
499
31
244
257
884
558
139
399
531
88
562
192
111
569
468
308
310
727
905
700
830
259
862
656
663
436
228
872
404
813
692
94
757
628
455
707
697
759
305
917
149
687
152
262
652
805
695
726
211
215
656
317
478
76
117
827
890
926
62
51
765
677
219
495
220
684
285
110
544
388
79
549
935
896
796
242
572
19
673
399
222
370
108
567
958
914
803
730
157
399
768
399
294
192
379
516
432
754
662
893
328
773
303
320
212
987
741
855
222
834
595
363
378
267
500
514
316
141
273
903
268
134
613
582
536
853
805
80
178
264
589
954
231
215
347
156
779
926
84
161
733
639
934
606
789
382
545
120
359
50
166
484
464
342
589
715
521
470
803
6
319
752
71
883
281
947
558
438
321
642
577
838
847
813
795
133
982
445
927
302
21
282
713
101
711
608
555
567
802
417
422
686
864
523
383
156
140
481
206
132
746
726
499
704
87
101
711
74
645
852
33
243
501
170
837
139
739
324
474
698
268
913
930
101
488
937
737
606
897
809
435
538
7
230
850
289
510
954
160
233
100
702
627
828
364
879
326
769
166
727
908
915
258
796
9
278
415
733
124
596
767
938
963
474
184
800
391
802
178
211
728
8
277
890
558
358
79
886
976
167
506
580
152
7
881
196
483
695
16
515
299
942
667
268
537
279
243
303
56
161
235
75
829
124
294
535
38
203
52
320
885
500
806
10
867
987
524
115
751
822
467
664
319
311
643
841
4
612
925
229
712
299
522
219
938
757
78
493
346
591
449
166
454
801
663
196
367
843
109
282
474
344
629
810
524
57
397
182
416
323
491
430
643
442
234
359
927
282
440
234
659
366
610
676
185
999
567
293
745
15
526
91
84
930
42
907
59
61
360
964
896
540
531
512
277
998
429
35
507
476
344
623
60
50
420
791
33
664
956
504
548
579
452
708
360
74
598
360
742
682
114
457
105
812
468
826
210
909
616
713
864
690
562
6
217
414
386
249
466
924
536
653
593
564
205
142
160
962
105
319
227
930
675
840
258
778
534
76
331
809
175
185
911
345
884
340
216
876
202
968
316
440
911
339
758
5
624
584
639
413
520
611
294
236
280
517
621
766
438
571
925
971
61
875
78
763
854
417
98
885
31
683
77
352
125
920
218
924
495
65
709
16
559
774
744
146
906
539
284
246
671
353
304
929
771
394
794
638
451
128
948
206
934
858
184
738
194
804
513
184
202
501
622
406
706
774
938
917
159
48
543
405
207
174
716
12
883
542
697
869
766
521
770
532
420
633
295
646
122
125
298
474
300
76
563
305
447
806
576
349
418
638
853
558
710
187
498
234
696
966
623
972
685
502
886
878
685
123
744
880
587
11
367
502
875
358
447
456
909
832
468
526
374
676
637
455
835
18
656
786
605
89
921
656
342
847
349
628
903
809
421
173
950
570
835
649
39
483
675
751
790
554
408
608
73
320
480
118
392
864
97
905
465
857
219
660
8
836
660
696
963
16
566
100
615
614
292
917
312
24
153
788
628
740
985
710
252
518
337
736
113
444
230
607
230
113
266
819
882
790
676
108
115
329
725
437
672
331
992
528
779
5
761
982
63
236
466
249
343
224
104
759
284
170
253
437
893
876
787
653
649
240
859
156
991
267
495
962
200
468
712
525
960
319
1
633
120
920
490
537
811
591
322
322
619
761
814
254
430
974
864
940
849
977
140
135
534
837
532
831
772
392
938
34
308
71
11
350
627
328
695
307
264
268
524
129
777
686
730
575
777
465
277
546
30
446
573
773
757
893
60
217
139
13
531
245
165
593
952
324
550
820
884
353
200
703
378
283
557
870
147
47
184
790
750
536
892
710
625
969
207
83
330
950
546
474
310
981
381
590
209
523
294
513
402
735
436
975
735
187
555
184
91
34
478
908
930
22
850
792
142
902
130
439
391
863
214
623
421
343
971
813
319
868
594
6
851
345
665
18
524
240
453
448
98
186
713
389
799
216
449
917
749
595
751
941
599
735
979
946
253
684
939
885
351
2
946
547
462
895
294
967
692
661
130
730
767
773
503
946
671
347
303
954
89
778
690
685
357
367
213
716
486
636
241
642
207
552
763
879
628
869
149
376
513
606
321
504
212
707
30
111
68
70
932
410
949
634
764
444
331
947
966
503
411
26
887
975
390
501
411
371
90
738
13
718
644
293
165
813
65
24
260
120
171
199
677
683
331
467
477
564
295
561
638
862
374
806
14
345
917
333
814
9
428
988
298
918
144
946
37
607
275
543
748
5
648
166
993
112
369
660
390
145
103
708
373
209
497
897
745
445
267
979
647
939
982
175
918
631
63
596
846
963
249
486
506
668
327
30
169
169
716
217
772
359
184
816
371
26
37
757
982
534
496
121
38
635
156
245
291
506
602
876
634
498
586
979
130
809
875
450
522
900
485
751
486
218
28
665
208
294
99
336
453
246
64
676
424
484
261
157
285
355
484
429
844
445
416
506
646
890
512
224
672
981
574
225
542
736
509
347
87
588
265
570
373
668
924
292
494
805
379
268
774
204
791
586
982
792
107
9
56
686
673
480
383
357
235
137
468
21
316
989
764
713
215
452
8
323
38
697
640
112
469
266
559
782
724
799
664
389
812
972
945
356
682
451
347
475
799
141
31
924
234
780
377
334
151
82
510
267
196
337
385
895
911
873
281
600
326
947
315
252
570
619
587
924
75
769
16
462
348
20
9
554
293
854
745
513
789
737
95
532
113
67
915
373
755
39
335
850
189
50
611
173
527
637
485
330
724
339
678
363
940
68
144
717
440
93
657
265
123
766
679
357
407
125
60
530
2
754
497
689
222
826
148
752
303
373
669
51
351
424
358
636
139
230
132
95
518
184
348
570
588
445
610
860
796
76
421
917
497
28
304
878
783
665
387
634
644
448
816
553
273
911
765
774
65
692
388
798
551
282
830
630
721
223
130
437
824
114
969
291
278
112
343
830
237
729
982
145
913
405
286
23
514
958
325
766
74
756
36
452
439
780
684
524
951
354
398
955
353
278
693
402
339
486
709
327
569
139
713
702
742
283
355
704
769
314
982
179
486
594
24
450
495
483
539
876
931
473
463
272
181
716
422
750
249
172
573
749
409
760
585
498
269
634
598
916
331
291
33
335
439
502
74
159
76
889
68
93
134
523
602
188
801
909
243
859
685
252
239
374
351
756
561
176
374
48
84
987
319
325
724
833
138
579
534
520
18
110
544
108
988
1000
556
482
570
127
663
2
651
983
204
505
152
220
125
648
536
616
482
160
48
858
245
710
745
108
829
400
691
880
21
13
272
613
29
80
68
508
831
464
106
902
57
717
292
765
508
58
868
838
393
920
565
382
682
808
859
512
585
556
667
479
443
862
336
928
501
166
251
142
182
944
723
73
321
412
238
789
747
492
292
407
628
512
760
215
453
784
154
718
346
715
599
89
978
170
979
994
107
776
419
312
265
813
681
233
448
592
322
708
367
758
669
81
427
594
217
502
258
498
168
939
66
955
351
41
174
965
437
724
75
64
818
838
335
588
509
137
473
522
432
28
987
416
431
648
318
706
513
978
664
749
779
482
511
248
257
702
51
142
916
661
976
50
901
612
860
163
967
62
170
181
70
599
862
98
488
405
890
119
347
612
783
23
232
969
380
612
155
336
669
582
783
348
723
650
756
744
328
68
353
890
819
656
12
400
886
978
153
790
726
81
138
295
272
798
62
645
194
638
618
147
668
810
206
770
830
695
585
953
264
735
131
541
643
869
605
86
377
872
150
583
851
302
774
893
368
751
851
602
591
704
822
80
974
372
803
335
483
582
112
706
482
999
635
105
110
817
762
661
656
503
656
347
718
883
424
911
860
545
298
681
890
265
313
162
614
392
485
848
351
74
382
528
497
802
133
453
889
407
637
945
127
836
781
435
622
657
173
885
325
940
517
706
811
471
101
468
813
508
913
306
577
929
866
320
985
326
808
787
386
990
163
291
845
604
978
79
421
629
941
774
478
436
268
80
718
894
509
2
657
677
276
61
701
405
358
1000
966
918
271
966
34
434
43
255
683
625
22
490
94
115
355
339
850
183
141
133
656
591
995
487
927
461
825
764
285
739
858
541
999
379
141
471
499
164
297
552
67
870
918
739
715
302
53
437
765
422
714
939
452
539
110
880
707
466
353
649
587
479
477
962
342
248
7
214
726
873
5
677
853
642
894
877
217
557
82
233
318
609
972
436
924
851
803
953
517
947
768
434
338
902
159
368
533
369
90
720
683
29
521
429
221
878
625
560
431
47
847
256
352
334
643
565
913
793
313
330
910
729
152
213
141
520
615
60
494
107
274
104
531
670
851
649
568
599
809
734
532
232
490
587
388
510
839
56
458
763
357
505
4
70
817
514
492
482
365
798
393
504
731
179
919
867
813
623
224
425
920
996
59
49
412
369
20
359
145
74
767
555
306
13
384
315
627
226
89
669
87
403
674
803
645
198
917
237
277
782
896
971
686
300
925
195
336
41
222
430
835
945
704
582
640
236
449
559
138
384
962
696
483
619
888
417
534
717
292
670
262
783
979
218
560
213
698
83
292
231
588
691
583
133
907
396
716
935
834
262
671
894
286
663
125
356
511
491
619
107
428
7
886
332
334
369
589
376
501
473
819
114
989
612
454
493
752
305
556
609
120
141
191
45
732
311
880
91
601
805
700
52
555
175
841
431
935
941
594
841
519
184
415
946
158
960
414
599
847
175
790
379
573
553
526
143
651
1000
163
259
647
204
878
757
298
379
42
851
360
840
110
90
744
394
33
131
800
239
839
727
464
763
168
86
912
812
149
202
30
907
339
538
55
476
827
860
89
617
239
498
815
423
781
822
603
666
205
272
529
755
723
635
648
249
337
662
912
814
203
22
497
775
195
472
30
279
309
195
812
708
342
948
228
981
715
305
712
253
359
121
477
832
201
350
367
244
981
939
444
37
362
185
424
868
476
476
140
712
841
762
409
966
433
221
371
878
530
403
793
974
257
56
600
468
171
478
238
886
349
402
974
508
127
173
91
143
400
354
241
749
696
128
979
942
805
932
139
364
362
572
990
834
869
700
169
789
910
590
424
837
708
858
414
215
809
665
956
988
950
295
32
419
126
243
468
315
824
172
584
248
108
974
733
915
969
364
427
892
497
585
365
725
551
721
987
343
719
183
215
111
169
14
280
513
266
225
878
881
185
131
696
427
866
385
149
988
521
492
957
312
764
860
607
630
662
201
410
801
370
660
712
947
801
614
888
359
480
168
451
612
968
925
971
312
964
818
682
911
225
36
874
963
900
908
526
677
812
211
568
379
392
830
107
766
403
402
142
176
912
819
482
561
709
347
729
640
463
112
538
975
11
541
999
614
330
507
520
17
176
863
851
268
317
10
346
969
565
512
398
310
147
249
819
535
752
68
886
620
266
417
542
377
839
901
608
749
318
875
693
558
457
988
796
538
666
791
860
504
898
131
804
521
673
539
166
264
40
828
797
950
284
991
667
963
265
347
868
421
868
618
795
450
252
85
635
326
188
252
119
355
542
334
623
655
191
393
793
779
39
900
903
815
859
472
317
605
109
50
55
602
259
217
313
502
122
591
421
706
685
642
805
51
859
247
17
431
165
61
59
115
804
910
761
343
915
736
387
484
331
638
293
290
335
348
210
401
861
782
571
499
406
254
453
210
508
270
682
711
157
140
563
184
155
312
2
181
535
243
378
399
81
998
241
401
957
666
834
212
35
213
74
106
910
882
922
350
254
822
260
693
381
948
565
313
836
752
443
854
704
486
352
983
538
789
329
448
151
542
621
439
595
878
472
552
755
102
65
722
243
766
758
776
543
794
874
220
291
59
912
725
134
774
845
120
650
251
256
825
658
489
626
285
654
238
635
919
859
63
629
584
410
623
515
835
374
161
41
717
419
197
94
625
408
803
630
536
361
105
283
943
63
387
850
771
166
966
982
390
959
629
298
611
539
97
80
270
492
211
604
964
877
804
684
7
163
569
323
249
144
350
684
527
919
217
659
386
237
46
976
315
342
988
671
593
344
405
110
679
730
122
757
483
224
370
525
468
120
320
424
444
792
861
523
242
386
241
188
380
138
341
871
201
234
490
233
52
276
739
116
514
316
209
312
569
970
117
912
580
260
625
146
516
172
635
139
459
102
440
162
181
703
95
423
600
661
279
352
720
38
674
860
776
198
836
692
798
625
922
401
32
289
636
150
551
904
453
855
132
222
537
295
10
200
877
316
206
270
620
106
174
745
191
869
940
638
651
357
229
519
715
223
775
579
455
674
204
220
900
284
517
853
775
490
744
962
274
658
651
59
466
590
643
247
90
488
666
950
488
396
224
37
261
685
903
442
831
84
445
752
136
568
412
79
619
144
134
189
248
487
197
460
941
543
146
604
129
518
1
21
149
811
21
979
917
115
799
218
933
441
32
499
853
717
559
176
574
596
391
585
778
608
134
845
805
399
272
688
45
659
445
622
138
810
886
23
449
459
463
32
348
21
925
294
507
177
4
177
901
287
653
990
600
774
527
858
322
757
668
879
894
626
276
173
393
433
781
267
538
92
600
502
112
313
518
418
79
213
462
343
710
901
205
843
26
886
672
480
164
479
956
537
539
737
921
665
660
789
257
250
352
15
815
927
773
741
71
149
933
872
297
905
811
815
56
804
596
979
926
268
671
609
298
240
398
269
902
964
7
732
524
644
898
332
334
229
978
166
905
168
457
334
494
844
383
587
738
934
389
24
925
362
665
710
642
587
201
731
489
214
306
854
379
510
60
959
449
584
173
11
592
76
751
531
76
410
874
670
301
625
649
585
571
128
647
253
858
507
813
509
450
509
169
208
850
306
119
942
542
265
38
708
625
86
674
69
478
254
564
603
985
167
95
461
97
774
696
132
686
675
1000
160
618
674
323
210
395
622
306
371
143
124
291
655
333
873
998
481
147
435
938
402
363
371
858
105
876
678
326
384
344
377
125
488
733
816
739
565
143
160
648
255
959
354
143
144
261
411
483
738
981
167
221
585
78
729
429
506
904
460
694
107
944
874
22
276
960
821
939
250
11
104
449
787
223
428
112
631
809
584
588
610
374
587
445
654
462
93
677
177
239
569
850
605
140
192
683
723
219
214
180
499
675
987
373
451
633
976
309
565
841
348
461
623
776
223
134
954
224
343
626
611
863
54
249
961
446
973
415
772
436
49
543
77
361
1
854
571
235
913
926
43
931
850
304
190
550
562
689
213
237
347
502
299
250
609
563
451
60
627
760
582
707
398
184
362
383
924
400
611
476
732
920
248
993
377
412
6
760
781
242
41
789
866
90
929
433
76
278
219
127
665
503
19
948
899
490
239
274
737
798
266
719
493
812
682
309
365
214
147
402
565
467
65
922
390
974
461
313
781
443
180
516
442
389
778
612
978
212
94
668
680
748
592
213
861
353
741
365
264
347
166
22
47
903
321
468
650
874
972
779
163
432
923
993
214
367
654
896
369
690
162
642
692
832
593
360
45
971
417
502
616
956
46
888
677
710
618
841
895
404
878
728
952
996
554
362
602
402
163
581
589
318
462
675
144
192
242
191
559
957
351
718
89
158
50
867
125
983
557
57
589
965
253
399
647
272
695
11
528
573
78
451
191
374
945
329
156
703
814
280
302
943
678
862
979
249
162
1
501
887
248
167
279
586
102
36
644
890
682
247
521
418
162
232
426
736
109
846
976
309
803
876
413
192
297
295
643
510
66
953
496
579
192
23
672
95
790
727
557
919
509
342
334
222
786
639
531
50
740
284
152
897
889
234
573
907
129
308
39
264
381
681
912
760
262
680
389
904
309
93
9
7
938
370
668
223
508
414
2
969
588
996
985
177
780
62
485
689
645
470
877
638
141
671
210
422
223
953
937
226
239
561
744
304
265
432
924
262
373
351
922
283
913
780
800
786
674
502
260
924
348
201
425
991
41
159
778
676
963
943
26
559
613
228
933
952
265
85
980
661
895
234
363
633
26
111
140
150
617
979
783
382
470
28
916
705
340
483
554
348
844
918
358
880
440
108
195
485
738
99
185
39
727
489
240
405
129
617
855
892
86
915
754
8
372
54
442
214
233
289
865
653
687
353
158
337
610
448
388
