#seed = 1201
199
189
377
137
398
460
44
424
956
37
118
307
995
446
200
285
892
262
732
148
615
289
171
758
338
317
875
393
470
595
607
31
929
267
340
599
36
878
235
214
593
358
248
217
264
583
396
638
771
198
941
433
371
474
437
103
885
847
824
602
888
33
55
472
485
729
652
790
944
868
646
820
219
596
850
351
774
672
463
697
588
384
320
929
315
183
455
1000
630
326
978
189
218
71
897
53
929
662
425
716
133
227
718
288
35
69
731
865
688
280
205
452
868
921
485
57
114
165
109
690
374
148
44
399
547
175
360
899
533
195
477
573
691
8
494
394
711
930
200
764
966
566
691
178
776
739
920
646
114
34
917
560
85
136
908
656
398
367
404
303
338
248
664
7
681
242
284
672
324
242
631
219
251
766
401
249
971
207
268
602
975
781
609
17
186
525
284
884
381
903
764
270
645
892
773
123
714
949
498
550
331
628
194
695
900
730
574
616
630
330
511
806
115
167
30
834
982
488
587
737
564
868
895
866
102
593
843
666
306
512
128
478
99
648
712
767
430
708
770
495
604
790
602
871
602
433
278
495
615
27
956
631
196
313
285
182
110
10
60
163
652
810
718
143
167
790
451
613
915
692
430
477
798
838
938
27
254
101
718
775
981
553
688
423
977
172
646
573
550
364
337
762
844
846
507
921
294
185
331
917
125
215
367
743
192
494
753
215
719
429
939
996
840
129
897
391
430
159
76
680
479
109
694
955
483
970
666
831
438
212
499
521
645
73
787
958
192
989
790
694
333
69
266
688
902
867
711
433
113
491
370
701
597
997
889
965
608
271
583
524
61
960
680
540
289
152
511
709
54
800
232
237
933
736
787
793
402
254
283
720
819
494
547
599
775
751
339
496
987
509
500
166
868
472
926
769
941
274
850
24
831
781
325
830
457
809
616
663
693
399
988
994
827
192
568
704
692
293
320
305
889
997
962
156
569
635
102
169
201
587
433
990
662
996
85
149
434
437
537
137
780
188
16
696
483
373
617
940
153
921
799
30
667
569
569
615
805
52
786
217
306
198
26
401
445
795
942
868
302
265
948
22
794
491
49
430
854
389
863
67
600
898
874
243
192
907
697
652
224
27
455
554
963
982
736
887
56
790
920
462
687
362
569
753
54
915
255
687
746
754
619
381
68
717
977
360
812
434
117
791
536
657
475
857
2
541
750
250
16
594
156
119
692
479
167
861
361
374
331
867
762
78
413
28
476
541
162
952
421
320
778
155
160
569
193
116
13
636
790
283
561
72
747
347
729
330
497
304
102
219
211
25
962
554
164
137
822
635
9
385
466
590
884
715
683
241
15
336
300
85
279
995
711
134
576
217
396
876
396
40
312
238
238
943
64
757
325
765
106
741
633
925
796
263
617
356
678
806
198
255
317
360
917
447
464
491
566
910
510
553
359
252
272
454
524
476
641
442
198
282
809
569
548
641
164
437
974
698
731
707
688
220
725
938
249
374
157
287
689
108
808
202
411
414
933
792
365
653
669
256
162
470
893
116
49
414
172
306
501
816
282
341
838
274
912
888
918
904
581
359
29
950
232
518
695
367
881
411
12
404
995
858
244
598
367
215
387
944
486
368
188
17
470
784
737
338
529
359
509
567
945
725
91
108
384
884
999
311
826
612
44
454
746
942
947
53
418
409
862
180
796
248
285
911
96
864
41
426
340
180
346
344
518
900
245
682
905
167
984
479
863
517
530
388
339
26
937
365
603
419
316
477
997
710
470
698
29
498
747
45
196
672
544
897
744
695
513
301
535
533
349
834
115
123
54
874
294
592
750
977
725
899
853
328
811
631
893
306
205
697
72
462
77
996
26
251
584
824
692
451
873
180
508
192
49
513
537
786
58
251
152
120
307
300
163
323
568
95
320
237
403
270
920
587
288
476
220
99
838
894
209
752
793
851
472
193
13
29
835
91
299
552
126
744
877
339
793
893
909
825
160
864
821
578
1000
328
383
184
738
887
371
434
210
681
264
242
562
575
304
464
307
841
346
693
743
630
458
681
373
748
191
16
765
622
497
847
223
646
103
704
460
720
851
382
202
892
371
629
813
207
20
801
650
670
37
455
942
157
23
949
542
65
573
8
83
492
239
388
975
463
952
214
602
318
409
733
439
964
837
731
91
481
943
377
206
938
308
48
826
782
534
296
432
277
860
204
363
194
568
593
541
724
865
689
368
734
806
997
758
692
917
274
991
70
807
985
145
608
792
493
933
841
772
92
663
107
505
932
65
549
789
257
412
493
310
928
833
317
319
452
537
347
251
277
402
194
397
312
538
467
982
532
376
459
2
387
291
933
258
974
881
846
31
739
635
705
417
243
498
149
258
433
811
641
265
445
947
51
86
403
436
317
839
85
725
737
780
348
904
354
17
883
869
33
898
978
829
839
384
961
141
790
979
826
486
111
141
72
894
5
511
899
536
1
792
493
693
811
395
207
318
804
229
19
936
619
135
34
371
197
268
955
950
109
571
901
156
703
186
164
305
635
99
123
549
992
52
932
24
129
386
300
616
648
421
374
294
170
915
729
352
960
698
499
276
905
619
256
178
652
258
729
304
259
299
756
505
462
921
406
965
583
590
372
267
825
222
454
335
162
215
793
999
561
874
124
69
211
271
962
103
817
469
997
443
432
987
254
389
75
381
922
178
768
951
493
741
333
257
965
497
752
146
672
642
587
17
970
467
50
419
117
940
78
639
544
602
237
258
962
672
282
158
741
230
107
539
665
19
155
286
23
30
719
876
663
706
451
516
436
983
253
548
434
392
319
560
88
118
965
970
176
259
444
367
785
368
600
137
516
582
503
114
183
446
885
239
140
48
549
772
559
137
132
629
880
343
468
505
918
716
121
35
692
137
609
800
627
311
708
98
775
731
355
784
589
826
229
634
320
999
721
357
445
197
718
776
522
197
756
587
362
714
847
369
487
625
969
708
334
526
205
745
902
2
649
813
334
678
270
514
510
175
251
517
562
625
515
785
91
716
314
998
431
304
223
855
814
251
710
673
447
205
218
674
203
98
918
946
949
878
161
768
565
705
746
734
606
555
146
101
752
486
980
477
889
971
847
803
166
62
559
690
570
544
905
947
221
767
517
872
324
366
468
777
804
626
365
75
194
436
226
838
432
984
272
891
26
655
12
138
436
215
628
465
661
715
744
56
882
724
278
127
106
449
967
255
369
114
657
946
570
925
168
41
605
476
87
952
563
221
650
581
153
387
893
479
601
104
600
796
689
702
339
112
241
939
785
644
358
127
818
494
762
918
722
926
648
3
51
236
552
400
805
948
452
957
400
444
358
27
403
380
751
435
13
574
425
985
750
680
306
722
667
566
184
75
381
747
57
580
419
544
212
316
963
99
866
981
813
788
56
419
694
580
783
24
908
741
833
57
117
97
492
11
653
583
667
634
668
279
768
69
32
472
549
147
638
778
258
252
674
526
272
539
340
481
576
33
833
767
352
748
488
861
591
640
150
485
507
938
647
120
53
337
85
304
790
749
619
932
719
699
123
227
987
855
538
932
71
212
887
241
407
150
797
915
713
171
271
874
978
414
364
666
432
53
855
338
906
879
122
187
881
121
45
922
765
291
99
163
612
952
283
960
326
172
100
842
96
513
459
518
575
203
67
883
127
816
861
967
606
656
894
663
558
54
950
582
667
285
611
837
520
724
900
402
478
971
430
148
607
877
217
553
743
7
181
428
230
45
737
204
698
350
920
425
260
952
498
456
556
773
429
290
379
486
943
597
30
539
385
497
313
471
597
256
330
845
41
115
134
23
61
9
61
846
124
165
208
648
595
326
6
563
956
403
994
655
369
4
977
637
674
401
428
631
541
366
933
336
220
961
836
799
750
793
401
965
915
910
294
292
659
927
398
585
409
328
591
628
83
797
676
521
926
886
522
871
960
148
884
248
75
578
42
184
531
433
186
366
671
612
599
529
460
119
527
193
26
630
725
602
837
973
186
773
781
929
405
538
712
766
695
444
162
520
429
299
329
885
194
438
991
918
682
92
963
115
664
896
994
453
385
521
368
355
521
765
333
642
450
108
804
129
763
985
866
18
109
294
803
435
740
996
407
192
413
508
737
746
421
197
168
976
456
467
940
560
543
13
569
720
653
916
986
306
112
223
207
859
906
16
316
634
60
246
339
902
90
404
195
477
399
42
733
476
505
139
775
638
280
234
168
939
619
817
185
282
537
442
894
1
172
836
232
168
283
766
316
164
662
215
310
932
13
440
78
457
809
21
516
826
833
382
900
842
948
84
988
152
728
712
725
295
474
343
427
450
978
555
870
89
50
560
833
775
651
288
903
43
823
626
190
941
669
574
300
275
937
367
486
77
892
342
133
803
22
36
465
681
201
102
853
194
52
112
929
509
955
468
589
295
268
154
670
629
740
776
820
17
928
464
845
907
795
661
662
123
868
559
688
459
386
21
100
176
227
655
524
372
912
405
82
639
740
997
442
343
115
164
988
749
731
454
849
530
929
797
464
49
104
848
480
590
236
910
190
853
314
999
147
590
778
448
405
366
141
896
932
52
433
749
46
799
499
394
913
951
410
93
161
976
97
54
869
471
676
469
20
766
966
301
670
604
768
237
604
183
477
467
773
97
847
440
504
588
150
929
931
8
928
273
215
425
943
845
249
776
621
336
949
626
200
787
208
59
996
41
146
492
974
330
237
535
574
44
573
915
51
527
796
594
121
814
359
914
870
720
406
146
288
750
780
928
341
952
283
706
396
142
737
172
953
251
310
653
608
538
123
239
200
652
155
316
504
881
783
742
185
963
896
642
846
564
938
716
214
220
33
2
496
483
967
891
764
30
300
903
483
226
663
434
404
97
932
475
276
476
340
396
788
71
186
399
490
710
573
637
358
954
893
363
196
119
839
58
962
603
194
654
280
393
434
423
437
749
113
314
462
476
439
111
478
134
680
631
572
319
937
794
886
982
432
588
724
804
302
788
192
10
129
887
818
191
684
695
593
726
143
299
327
495
888
469
441
621
66
740
893
883
992
150
77
259
197
940
561
11
560
895
281
921
954
881
46
809
765
995
84
196
685
332
203
498
58
926
84
790
727
214
690
668
340
108
687
532
462
598
167
167
70
908
253
138
722
720
631
406
850
385
292
627
499
942
963
231
229
490
15
77
87
678
813
97
967
520
594
722
219
721
378
892
599
1000
563
7
649
469
334
412
601
856
577
222
277
672
571
54
682
74
591
648
58
158
396
399
132
224
537
659
855
197
866
677
959
780
278
333
871
99
215
345
533
46
83
593
90
646
740
330
30
853
674
368
55
274
290
302
660
415
597
715
430
825
671
71
36
723
275
142
297
866
548
914
294
532
443
516
696
672
269
652
566
856
587
687
203
824
557
544
316
625
673
235
256
498
265
144
316
907
364
478
386
220
363
654
952
767
79
303
65
262
493
790
864
560
650
160
736
192
668
341
747
389
389
398
781
698
46
61
545
255
610
600
277
265
454
328
966
645
481
226
943
104
698
805
760
712
450
679
250
333
567
777
439
13
432
277
787
20
584
426
826
301
240
446
400
504
712
71
590
430
588
453
500
674
979
142
46
208
700
373
56
868
878
667
819
861
593
124
17
288
75
583
112
267
335
294
48
170
270
924
495
403
701
367
655
145
308
550
16
238
814
473
649
237
926
234
391
234
375
444
475
394
749
812
292
544
811
139
174
160
343
952
838
780
324
874
872
11
17
616
992
938
148
317
306
429
386
566
40
699
34
1000
168
977
361
112
730
983
858
521
420
380
444
762
924
25
424
704
833
484
634
619
400
435
410
96
636
503
946
991
489
49
670
436
348
346
474
660
443
97
931
14
5
760
823
743
68
58
785
772
690
92
815
511
247
299
40
388
270
680
842
492
632
561
815
238
947
411
742
120
691
822
953
714
390
224
242
301
393
276
713
575
635
820
398
437
287
753
873
427
164
826
867
489
364
223
649
108
900
745
903
206
419
701
430
992
336
409
972
565
370
53
37
518
210
959
76
92
681
956
359
303
545
971
732
749
873
548
566
44
803
733
730
288
564
325
223
427
234
268
516
436
508
156
509
328
253
62
906
669
57
327
926
354
997
50
124
731
649
779
791
953
181
546
693
153
26
401
730
486
571
967
1
440
786
215
725
473
959
552
776
829
978
763
345
15
835
229
834
424
350
81
125
16
536
799
118
590
67
380
169
281
58
761
593
866
785
12
990
498
924
897
225
997
214
370
915
801
456
449
884
158
474
69
226
20
696
971
977
62
975
257
323
364
236
769
977
58
309
650
394
550
906
543
520
235
261
98
99
111
406
30
801
442
940
695
983
818
442
165
457
521
576
9
464
948
998
241
228
980
395
421
59
726
658
313
30
994
613
531
38
962
92
187
774
464
62
882
717
546
977
652
559
593
503
441
541
78
589
401
387
943
564
213
955
991
901
884
167
428
92
76
682
310
800
236
795
652
818
93
759
892
259
862
653
305
679
805
858
991
482
429
533
230
575
633
622
330
359
741
8
682
651
108
893
560
282
695
695
29
512
451
624
844
659
898
377
820
310
422
812
493
883
262
929
269
795
740
759
612
339
448
966
983
100
768
63
428
918
137
457
733
735
981
890
538
464
243
693
11
489
466
959
714
855
93
898
782
843
287
473
459
992
619
521
343
210
85
287
373
381
545
851
533
690
449
799
197
451
733
102
983
248
469
659
195
849
165
252
533
549
779
793
645
223
11
444
289
85
842
763
898
325
675
293
724
869
628
297
755
949
11
728
820
909
744
647
987
478
279
445
364
10
370
801
217
32
631
575
874
294
438
123
502
391
280
129
43
190
391
161
259
150
28
228
701
304
268
218
53
215
238
621
757
583
309
74
194
100
799
793
799
514
466
871
991
103
429
350
219
749
851
516
790
256
190
424
929
254
349
493
600
982
57
922
861
219
287
420
485
779
356
386
859
54
487
12
119
620
765
966
826
988
295
799
14
368
630
544
176
561
626
665
181
270
676
402
169
18
577
391
635
768
380
744
497
741
169
167
251
841
931
146
219
932
726
477
980
359
473
486
753
103
424
265
767
114
844
65
643
308
159
667
299
795
306
324
766
427
901
426
710
810
994
832
368
749
861
351
90
139
118
51
301
221
490
689
529
911
827
959
511
599
332
530
23
906
964
774
779
774
528
747
756
282
294
803
509
525
20
233
299
518
857
126
630
971
215
201
82
307
780
764
755
53
409
57
699
288
343
111
865
985
863
778
261
720
942
83
382
693
329
380
948
639
1
67
402
472
580
245
630
222
443
473
500
434
903
292
707
243
212
380
631
401
500
385
92
2
542
546
153
16
295
192
487
984
373
797
737
570
503
247
374
289
229
903
42
288
841
802
560
6
483
204
499
803
876
402
828
82
412
150
995
409
113
599
855
494
580
128
361
997
592
7
253
415
11
623
682
886
108
744
530
106
544
205
541
594
175
98
84
223
419
202
373
556
494
953
529
190
690
984
749
958
538
252
816
196
62
478
60
762
920
263
202
890
704
116
462
645
422
606
322
638
391
1000
532
91
849
534
493
296
319
833
243
7
830
8
28
656
111
472
810
302
144
846
744
249
993
760
471
170
29
25
34
517
123
474
407
559
342
753
247
300
706
958
469
377
719
624
856
104
920
215
297
443
388
811
966
369
128
321
985
343
69
845
92
36
583
887
546
308
631
113
467
606
350
761
762
443
986
673
147
910
549
16
42
688
932
710
256
608
200
772
811
870
241
161
594
932
877
192
456
270
379
545
497
394
518
29
375
445
10
660
177
605
248
651
770
364
669
341
787
766
709
475
860
46
731
854
377
736
115
982
280
751
427
685
795
213
826
746
205
386
153
296
567
181
40
584
142
897
209
152
41
36
133
134
870
198
939
604
554
422
145
616
287
189
182
320
519
621
946
84
835
570
913
788
698
471
903
244
4
933
481
796
372
922
169
662
876
959
403
468
319
198
558
307
713
304
15
993
471
305
106
905
933
256
680
532
691
418
929
33
532
274
783
505
59
727
223
914
235
186
45
792
309
49
766
362
28
618
791
968
874
891
784
885
444
71
686
26
82
373
962
61
119
451
105
323
454
22
93
331
803
478
225
117
311
228
962
161
87
209
291
915
857
700
173
444
259
571
921
346
397
589
336
686
926
963
452
694
263
820
330
373
392
347
578
881
460
512
267
207
26
817
552
132
530
687
739
70
57
873
501
109
98
108
484
795
123
287
278
30
195
958
218
952
452
755
231
718
448
226
827
703
305
967
809
867
842
196
37
465
546
929
176
998
28
330
975
711
313
134
347
725
708
323
309
673
234
12
249
185
884
443
716
513
136
556
822
433
809
420
878
756
164
901
234
628
743
65
376
692
954
376
553
336
599
10
443
131
450
982
794
621
474
521
85
191
275
350
911
497
15
404
756
455
525
827
547
122
192
444
638
235
331
323
491
235
993
992
541
211
647
374
400
341
265
280
496
565
711
347
275
669
961
529
721
434
458
168
689
926
409
632
84
531
284
524
43
675
466
198
972
161
552
191
399
150
272
355
40
62
774
931
954
525
814
147
774
210
820
606
546
445
66
871
904
963
429
556
163
958
935
500
533
458
604
161
513
300
589
348
142
374
239
624
712
522
887
419
267
546
605
840
3
504
471
932
287
122
360
122
647
725
633
75
692
879
941
702
496
536
547
72
783
107
340
616
494
782
559
799
478
388
471
685
472
967
387
302
983
157
451
989
416
785
7
778
153
406
888
3
685
802
406
489
532
146
927
872
270
815
342
249
911
229
463
846
573
559
364
370
484
135
911
641
740
174
638
955
484
739
597
906
483
987
402
422
721
580
697
639
397
635
435
549
35
669
732
950
392
438
257
261
809
992
265
218
327
500
238
520
897
396
881
227
575
114
735
964
719
417
687
381
169
897
688
12
802
351
71
410
586
907
627
228
800
469
784
377
502
393
536
653
602
195
371
389
420
946
997
189
583
321
76
839
459
979
518
700
223
56
393
136
999
275
423
311
525
609
356
51
573
487
840
695
986
919
549
935
365
656
145
913
828
464
727
576
731
307
372
494
606
705
535
737
984
22
775
426
686
195
324
447
634
347
70
401
877
309
234
219
960
284
744
229
672
279
96
29
61
228
187
900
961
26
860
385
390
373
614
515
770
104
899
374
757
862
370
317
912
519
547
798
788
585
484
346
621
246
702
320
40
377
433
555
439
317
93
185
288
581
240
710
453
280
668
58
857
8
909
938
584
843
829
776
839
397
885
378
845
304
166
761
120
245
995
659
817
252
625
106
808
150
39
642
507
321
376
469
920
756
940
18
328
245
113
350
947
322
499
587
208
218
672
101
707
600
523
130
540
546
841
582
950
951
172
254
194
678
793
662
102
268
104
173
255
430
701
364
741
964
979
134
562
10
8
797
557
467
9
932
385
4
808
747
527
571
20
131
978
265
747
47
857
889
709
726
456
305
551
401
286
792
365
432
892
732
391
35
920
776
892
771
598
441
507
500
65
752
198
242
206
298
568
72
525
226
90
483
944
478
877
499
857
786
672
321
359
856
446
629
933
237
902
286
259
738
782
469
787
917
488
174
146
821
656
295
493
523
351
224
707
470
344
944
711
221
404
734
320
815
616
391
120
905
17
172
60
360
618
126
895
380
237
138
256
966
204
682
133
554
427
871
816
266
449
708
30
710
859
69
980
107
751
776
816
570
318
225
242
226
206
635
323
812
697
548
780
817
562
766
197
880
313
51
51
179
767
890
240
472
686
269
706
453
899
783
896
293
258
927
309
986
74
110
431
627
526
905
619
924
983
618
826
435
479
687
222
625
687
849
881
149
328
731
789
622
412
34
406
818
997
751
681
246
998
154
13
237
889
646
325
936
806
787
547
609
406
540
681
822
707
435
495
119
220
118
547
991
527
858
144
69
304
980
604
741
963
750
737
743
375
816
507
30
326
691
293
369
229
225
264
208
218
966
189
66
443
827
186
916
624
296
20
328
677
327
43
95
484
561
663
361
17
630
625
150
707
484
502
857
388
610
328
207
287
365
652
306
546
201
51
375
25
437
911
697
996
401
138
318
787
759
213
132
959
453
619
934
806
178
885
807
944
536
600
769
437
679
762
158
608
187
316
49
592
691
911
184
360
418
495
566
267
170
195
836
462
575
302
215
681
229
27
623
936
354
308
715
128
996
442
605
346
810
118
10
630
381
69
546
378
605
33
152
325
78
829
768
442
917
25
358
406
902
349
429
377
675
78
795
835
77
470
455
635
491
309
859
293
950
569
861
380
119
184
471
24
806
937
603
468
929
69
114
11
699
206
401
624
124
145
214
54
609
88
595
316
845
445
141
991
524
901
458
944
277
31
672
62
168
921
442
513
556
759
132
52
625
244
197
168
831
307
307
895
418
968
674
934
462
216
224
954
855
380
247
75
620
137
161
115
674
130
218
779
707
35
46
751
257
948
356
618
710
750
285
790
492
700
198
954
808
792
518
224
992
941
342
485
126
415
193
128
712
115
10
334
783
931
633
294
583
214
485
719
947
668
841
716
345
491
891
876
217
541
669
371
263
714
206
586
955
920
493
625
775
826
825
758
634
985
907
278
840
943
815
37
246
840
125
620
266
717
293
936
517
567
571
156
267
282
206
490
374
513
70
720
645
229
842
722
567
968
171
428
684
925
513
987
857
904
371
149
534
438
250
287
970
299
836
953
676
735
58
834
124
628
789
98
546
947
488
968
46
621
60
586
694
724
877
580
754
6
616
292
278
573
431
769
700
496
760
510
278
210
3
173
424
652
736
701
745
749
525
764
734
736
218
872
250
617
173
975
351
121
586
763
177
101
954
53
862
747
616
545
31
547
593
481
563
23
308
175
300
483
219
446
127
735
146
596
128
193
65
848
492
878
939
310
774
234
432
211
381
939
639
457
136
891
245
13
918
820
982
826
337
293
371
886
866
718
158
1
258
995
96
574
607
898
742
683
614
679
879
883
10
443
199
328
58
782
200
672
394
427
332
515
654
653
894
736
885
747
124
208
701
807
437
355
300
161
267
434
619
601
759
552
179
997
436
417
269
920
605
129
239
958
212
833
404
598
523
987
544
669
81
49
442
292
533
9
770
169
63
108
493
457
472
999
542
81
444
605
240
359
123
663
470
452
902
752
384
421
680
182
789
818
881
911
827
139
692
214
658
202
816
422
438
794
476
404
903
444
530
944
794
347
132
759
155
107
631
869
10
731
892
941
938
274
368
564
948
