#seed = 606
753
901
58
372
683
445
676
359
137
466
487
464
168
684
917
185
671
309
20
878
770
341
423
347
100
762
399
94
426
552
976
770
72
508
220
518
793
35
575
220
148
664
440
437
627
656
332
752
770
744
133
642
910
437
590
2
77
183
547
447
113
373
375
81
368
855
76
807
51
333
795
311
957
232
333
352
985
240
511
197
325
98
666
847
988
454
642
837
620
460
515
25
22
58
878
50
467
173
748
2
610
60
534
307
345
25
70
959
437
908
555
785
879
25
143
738
785
368
239
455
794
717
821
141
5
294
606
722
328
480
401
574
472
385
255
428
918
90
540
619
188
817
957
422
540
430
725
934
774
366
634
75
220
366
811
665
535
400
160
706
858
849
332
678
348
680
763
24
932
34
11
239
29
544
874
606
920
635
66
587
203
666
507
56
474
641
199
531
677
113
72
637
515
939
445
16
104
743
556
651
499
33
819
779
295
633
725
847
642
325
547
441
762
486
796
751
770
859
779
413
660
231
580
535
394
870
243
760
159
773
895
690
744
185
587
855
907
204
307
782
49
522
404
279
595
512
26
790
73
962
39
898
791
606
706
933
298
423
473
845
584
382
453
361
290
578
410
537
239
646
90
738
355
869
966
680
815
777
720
59
960
491
77
703
467
33
246
106
67
140
470
326
808
538
414
524
942
526
135
524
40
204
94
740
612
510
600
924
238
194
323
665
210
211
299
97
574
869
457
955
40
423
364
952
577
414
902
237
823
70
540
333
774
354
821
960
484
846
733
483
44
326
124
493
433
520
939
953
635
570
848
827
567
825
911
563
643
899
748
929
39
188
255
513
527
416
487
444
520
713
509
879
926
468
254
275
205
306
300
999
398
559
86
649
552
344
14
264
385
909
575
279
151
976
268
542
696
943
999
642
583
853
214
709
949
140
13
14
556
330
771
165
534
345
702
660
551
424
528
599
890
372
575
877
221
902
734
843
385
678
381
335
200
984
82
237
141
387
475
260
937
704
463
69
162
303
477
19
90
832
571
496
886
666
704
602
896
970
475
139
810
736
502
439
300
482
696
163
825
319
662
70
586
157
220
949
21
791
973
310
694
388
215
15
849
679
318
172
41
677
515
47
247
210
765
666
41
610
713
511
814
901
293
811
992
333
979
239
55
327
70
295
62
500
522
801
341
640
472
151
874
817
454
733
158
409
31
620
392
234
755
667
333
743
851
185
480
216
386
138
204
728
301
916
370
425
742
875
55
249
13
19
821
811
465
553
882
307
635
657
46
802
26
844
652
416
575
671
18
189
120
939
737
536
717
952
672
197
971
489
509
576
799
541
780
84
315
46
269
338
401
232
564
11
585
523
527
445
370
262
718
722
364
276
437
279
836
598
474
362
237
808
15
475
263
27
859
63
916
503
951
188
267
450
541
802
855
50
333
157
586
912
323
587
436
513
926
606
592
530
173
539
737
798
217
578
618
630
192
517
674
193
854
857
489
200
494
646
313
883
107
359
760
337
498
611
73
76
434
538
565
513
487
209
967
70
28
660
715
299
623
232
832
383
48
139
729
869
305
204
449
562
620
90
661
343
537
171
983
753
509
255
811
854
453
414
534
834
919
373
610
539
414
621
96
582
126
763
246
700
978
310
457
332
732
931
924
764
821
466
970
896
721
343
461
100
458
787
35
497
462
1000
878
848
466
950
911
672
825
626
23
271
692
670
361
939
232
353
547
403
678
20
128
27
223
575
218
700
178
612
771
523
790
864
567
825
177
336
539
755
597
322
37
409
344
356
175
151
313
844
584
837
11
684
640
12
231
418
154
939
628
600
732
865
12
39
186
831
464
915
70
160
121
106
461
837
767
353
46
621
911
545
104
972
787
558
524
784
237
474
25
378
447
572
857
646
846
501
164
662
74
929
69
140
493
563
786
295
681
616
527
27
112
1
411
534
193
709
948
6
144
438
792
712
605
123
235
521
99
114
217
44
25
601
218
194
383
322
574
626
486
922
830
4
502
836
775
876
639
284
334
580
695
305
621
487
552
314
629
674
973
663
694
11
874
200
188
232
815
371
95
809
160
435
54
312
54
325
376
13
406
613
779
212
916
520
129
177
104
525
629
456
748
868
569
783
151
917
883
56
846
694
423
208
35
583
857
451
93
525
968
468
403
519
371
556
481
549
388
735
172
30
906
992
961
444
801
537
482
233
659
213
928
782
135
576
767
740
613
293
665
846
693
854
634
698
134
591
542
953
131
385
334
600
326
633
17
485
124
840
241
60
648
986
375
937
861
293
430
111
8
608
771
728
705
906
806
940
697
728
601
347
14
164
220
623
364
48
154
672
757
353
29
746
104
234
280
333
118
955
932
726
255
187
403
797
559
843
108
250
635
367
638
869
101
981
793
209
925
625
302
250
148
923
800
284
410
873
435
932
723
176
842
962
759
302
632
31
444
29
377
730
620
40
755
471
57
850
917
987
13
188
110
370
327
159
90
378
955
350
68
24
405
191
573
278
122
681
647
618
197
89
579
44
90
331
834
745
13
10
627
368
600
813
581
985
518
772
12
871
236
512
336
437
174
560
327
709
732
886
546
946
659
598
441
326
541
227
906
763
289
864
8
629
928
784
853
860
85
143
618
647
882
379
683
999
833
898
436
205
952
87
299
167
28
741
515
658
373
644
375
871
886
920
596
913
450
684
114
907
741
771
115
843
619
234
700
674
176
180
879
964
891
627
207
368
261
927
435
682
258
653
576
963
52
550
622
507
829
204
25
529
647
435
796
405
441
889
664
617
253
738
413
163
35
920
363
474
572
518
933
345
448
597
982
392
92
450
858
786
553
672
46
426
705
686
326
404
763
398
427
338
177
849
731
745
152
962
364
460
975
551
314
450
133
97
833
720
24
657
415
945
911
442
436
385
241
716
421
721
302
319
682
836
868
892
611
888
945
688
659
148
129
678
532
968
406
240
108
186
777
524
720
253
826
733
814
978
751
829
468
465
1000
217
370
470
207
909
984
352
985
252
107
569
362
276
70
810
759
483
587
903
954
291
88
221
936
420
386
806
421
689
474
502
870
174
405
906
922
345
135
381
517
358
698
200
788
393
652
621
345
308
159
374
166
991
80
986
948
533
40
590
378
958
226
954
905
909
184
630
75
539
18
448
899
127
421
173
941
122
799
760
659
928
693
246
256
251
983
587
936
819
598
569
153
721
331
625
570
132
211
910
476
621
489
608
819
693
302
968
435
579
928
401
31
241
311
888
836
547
779
894
458
354
650
857
254
422
422
114
229
670
307
334
967
662
42
726
729
195
353
680
209
116
174
659
630
762
837
512
716
563
37
854
451
415
41
970
811
384
527
650
115
101
5
738
220
51
665
567
459
220
687
295
561
461
677
719
652
596
151
198
819
345
49
207
567
942
888
583
27
470
720
110
687
188
123
338
293
82
43
646
788
780
531
985
558
684
904
275
621
640
689
119
764
390
937
198
382
360
18
42
435
286
644
245
945
409
865
914
701
898
989
962
729
941
738
424
427
593
705
577
683
374
290
94
563
714
350
419
226
722
783
656
157
722
178
334
271
640
228
531
42
55
619
204
95
277
195
696
870
855
872
970
474
383
548
44
892
580
242
968
412
96
565
414
281
68
739
346
76
446
900
329
196
821
535
714
576
361
486
54
586
419
497
155
911
746
732
91
257
320
357
67
819
527
478
704
82
984
519
631
10
782
628
498
485
212
175
296
931
99
332
227
600
131
217
628
4
722
300
353
203
510
102
368
465
636
997
794
962
81
424
391
28
517
319
831
447
59
73
268
358
664
864
462
120
693
649
669
313
559
693
953
665
443
283
220
209
569
579
142
372
667
323
940
458
640
617
992
892
700
834
352
134
741
122
664
902
219
86
296
660
2
682
356
759
437
839
283
713
130
636
771
168
590
908
597
644
365
137
740
497
693
185
5
606
939
188
812
793
352
161
685
784
905
409
315
872
58
124
456
224
138
800
552
698
389
200
350
365
293
475
306
23
448
545
205
162
605
143
961
990
507
33
729
688
806
226
27
517
353
78
478
150
908
248
5
745
570
834
161
257
743
644
90
862
67
225
206
516
417
421
80
914
278
588
601
518
806
346
741
317
183
46
146
625
416
862
728
893
67
219
294
401
44
601
12
176
413
580
824
72
822
323
887
682
910
697
993
320
75
216
504
578
268
359
582
908
928
525
997
774
16
705
380
466
940
210
974
222
405
921
561
94
172
793
472
955
328
459
45
321
456
266
643
326
634
839
349
70
303
858
546
40
91
937
737
1000
72
290
91
360
219
442
373
948
310
745
21
303
988
938
501
275
50
988
192
408
355
890
629
844
940
494
433
916
43
678
917
117
130
197
416
716
253
158
181
266
298
665
675
302
63
494
145
962
111
970
617
813
183
826
799
407
890
349
442
239
830
139
35
556
741
585
221
624
211
826
700
219
678
641
766
730
309
933
599
938
470
341
155
364
959
748
691
521
797
542
627
549
551
985
197
669
121
691
651
647
128
567
951
857
354
363
611
25
504
491
30
440
588
545
708
310
747
119
615
924
133
802
20
542
553
385
110
309
840
111
870
868
733
864
588
441
875
275
473
960
799
734
828
381
979
300
773
390
939
423
685
589
291
983
674
951
535
235
559
981
682
309
466
368
387
327
140
32
783
240
917
709
177
75
727
487
856
298
429
594
983
467
907
207
893
965
666
799
983
447
412
747
568
424
848
538
203
871
809
285
871
35
473
767
641
223
109
57
221
647
860
292
333
608
619
693
380
251
440
937
795
436
869
680
28
870
287
727
307
495
417
674
871
558
100
414
112
573
488
537
884
638
821
747
970
389
918
964
929
458
894
277
98
397
586
318
988
674
900
248
775
460
105
627
655
909
128
847
461
185
109
370
410
347
783
36
824
605
507
661
952
286
760
477
851
670
913
769
950
626
138
438
136
419
634
459
53
951
123
98
22
803
982
920
893
627
597
962
503
183
316
394
499
815
894
966
503
519
280
517
981
425
677
3
682
933
136
606
564
633
578
37
964
791
617
165
602
852
430
131
658
409
112
509
646
371
438
147
627
454
627
122
113
156
150
418
632
501
582
212
627
970
718
65
223
490
871
944
283
278
791
62
292
979
146
408
203
840
10
108
152
635
118
888
89
854
727
944
546
250
19
15
811
7
934
580
659
91
701
171
292
638
762
955
326
190
605
592
224
3
224
778
708
203
582
114
838
646
343
957
807
141
352
390
341
975
370
847
415
912
187
143
189
43
321
221
754
43
682
603
423
277
958
672
333
24
275
849
972
746
738
204
844
245
810
810
590
198
219
72
564
797
602
230
253
741
635
74
156
660
524
607
958
917
802
613
551
877
534
197
259
309
645
384
173
26
801
100
693
532
38
342
89
904
159
687
602
790
731
668
258
309
813
73
821
869
531
566
898
610
754
503
192
578
7
422
654
604
687
90
315
862
686
247
795
153
464
67
694
32
962
798
936
678
844
165
810
775
51
889
704
2
276
622
443
541
531
320
88
275
716
953
20
898
909
36
495
124
551
873
640
95
23
515
10
438
242
460
897
511
685
409
693
149
60
450
294
31
736
469
817
267
857
942
498
643
841
702
922
421
178
282
366
49
274
756
525
857
994
822
799
177
560
257
19
742
30
425
77
717
775
650
15
163
505
514
52
355
725
23
662
692
712
759
916
52
60
817
622
489
767
807
887
760
979
612
381
682
388
51
909
609
922
432
890
267
508
164
444
378
197
618
983
200
832
342
118
669
817
346
467
279
448
726
206
509
720
458
607
67
906
659
275
662
160
692
219
381
538
978
819
895
404
971
164
834
614
998
762
331
881
963
641
633
925
935
982
352
744
857
219
173
863
538
366
325
989
903
137
659
129
763
312
172
526
192
585
818
982
575
578
402
358
830
175
185
508
978
166
23
949
683
106
541
827
620
273
541
720
660
614
32
873
508
967
867
251
363
631
998
621
510
92
510
783
908
746
964
896
677
912
586
13
692
533
957
829
843
862
892
379
429
502
420
970
229
629
939
926
594
643
856
276
269
422
719
604
972
617
550
718
639
498
528
278
625
98
478
777
41
887
257
628
751
98
111
36
831
928
117
933
855
682
730
525
124
170
878
756
469
654
19
620
768
180
503
125
601
688
692
707
732
399
454
260
289
243
503
985
675
756
157
519
239
730
808
443
713
649
418
486
905
933
373
661
84
398
855
540
975
128
715
766
816
358
292
450
81
25
264
512
853
713
624
67
275
970
471
826
901
335
497
288
521
911
829
67
424
550
350
905
738
305
193
865
551
841
808
221
807
171
255
494
3
854
278
768
56
366
773
947
77
528
357
942
333
919
528
425
903
126
738
8
728
458
231
375
232
34
203
520
618
628
476
855
315
399
939
860
36
899
267
977
670
521
105
889
176
829
473
325
401
543
322
158
246
449
762
424
180
450
518
83
378
458
865
349
967
28
368
63
445
313
447
88
650
438
561
363
186
953
923
314
975
787
683
79
71
641
768
457
393
3
442
397
604
483
938
241
733
387
670
466
179
240
257
351
855
836
257
127
673
39
509
934
230
675
229
448
116
583
446
614
475
80
159
55
175
833
596
434
168
998
632
415
638
339
626
65
610
335
318
14
896
826
711
432
960
387
612
412
515
315
808
175
258
962
231
45
780
849
254
446
93
547
67
530
538
160
924
647
123
484
367
220
482
905
975
48
699
328
587
319
703
562
575
378
875
550
462
699
237
740
498
641
65
663
623
214
514
7
124
22
862
904
830
95
60
162
878
998
799
633
697
38
182
141
943
47
427
62
263
547
611
152
545
217
869
882
271
109
825
775
314
589
552
953
518
11
577
93
502
551
57
57
365
197
831
250
423
913
182
70
998
556
458
384
7
215
212
68
721
146
999
158
872
491
361
819
756
61
63
471
508
520
823
453
216
697
751
340
798
36
589
755
711
619
795
317
884
390
561
798
203
261
391
955
397
339
364
915
31
142
137
404
541
783
927
309
944
641
765
831
637
988
260
997
698
39
692
117
25
574
490
980
144
575
777
498
968
542
318
485
556
643
545
331
493
303
70
911
711
284
959
59
233
193
379
189
961
776
189
641
461
636
800
729
350
611
436
483
282
450
258
764
320
833
384
108
707
794
53
768
299
136
639
462
847
739
380
37
864
777
821
861
994
81
614
286
72
918
418
620
71
941
803
114
470
783
242
336
122
522
135
400
225
191
881
595
106
556
903
716
674
410
869
150
449
709
203
94
329
904
835
515
309
296
486
165
612
328
14
444
408
962
63
616
3
129
584
642
564
20
938
878
837
253
51
576
112
792
93
731
86
12
611
978
359
440
454
438
214
586
730
510
901
784
383
378
547
182
166
647
234
401
128
634
293
656
300
160
371
16
85
101
349
382
630
473
158
534
746
309
235
578
171
489
291
698
370
267
869
271
535
753
126
915
914
488
973
778
537
217
448
222
981
597
754
349
697
58
466
703
138
47
718
669
632
830
316
461
38
602
590
920
843
459
5
796
113
103
687
327
922
411
580
501
834
904
379
733
154
282
763
118
406
762
476
236
46
808
15
752
846
523
425
310
690
316
400
972
508
473
505
170
637
477
655
688
283
411
29
291
720
635
883
897
933
914
29
99
737
282
696
976
121
96
38
826
2
936
159
349
582
807
762
255
273
172
639
341
611
219
934
176
804
229
490
311
656
797
694
177
755
286
441
356
731
608
409
247
614
196
656
138
332
481
390
531
290
119
320
746
614
419
606
510
402
774
322
20
689
248
956
36
16
37
281
325
131
631
967
571
697
564
885
227
420
631
986
1
673
872
800
953
305
712
272
603
56
796
217
185
101
758
878
675
439
170
720
823
583
656
86
298
47
450
785
486
269
259
381
551
4
232
671
976
702
321
599
316
633
274
659
544
891
925
627
277
183
652
670
612
254
529
644
993
895
959
685
49
111
984
261
797
610
524
681
678
870
70
262
148
548
250
730
112
113
252
393
409
51
127
138
48
535
292
766
820
919
357
869
947
626
177
455
174
767
510
371
493
692
394
990
203
605
699
934
793
158
927
59
50
467
280
175
630
193
285
142
185
476
661
752
973
497
554
577
944
560
134
914
283
134
599
142
243
146
453
870
28
373
954
871
516
824
308
428
508
323
704
703
959
914
475
125
954
371
790
567
951
519
745
175
423
705
425
786
94
841
396
269
557
646
733
138
59
352
306
68
697
258
807
167
847
704
971
855
706
599
524
286
280
524
287
467
626
860
20
390
266
88
509
414
707
134
7
91
15
983
13
639
391
403
140
691
199
6
79
958
989
104
492
947
585
347
128
13
352
379
185
43
354
75
288
481
588
300
216
452
444
733
58
649
718
991
76
320
983
956
898
441
719
880
450
716
734
93
603
418
407
721
804
202
694
620
899
32
145
540
939
594
284
864
687
453
686
133
909
201
3
28
558
348
730
6
827
444
832
255
329
876
539
244
383
613
169
804
453
344
216
63
88
823
373
491
520
625
373
494
175
279
912
504
827
664
861
609
917
180
809
396
109
428
861
246
52
806
900
484
622
98
345
452
543
771
890
854
97
163
736
601
812
415
220
476
406
71
851
273
156
521
158
362
831
67
497
398
725
222
683
128
192
798
886
293
61
881
179
614
646
577
833
693
314
269
100
12
162
126
386
462
154
166
890
932
817
257
383
867
370
65
101
157
210
159
562
976
819
322
524
57
466
300
709
745
358
674
605
387
895
354
762
802
548
427
359
56
666
340
891
340
992
636
542
760
109
23
175
564
605
960
775
399
636
93
940
73
286
787
762
540
548
60
28
559
613
758
309
902
479
878
8
456
429
772
516
560
2
317
442
249
294
69
505
615
822
407
84
959
435
51
741
468
530
479
125
396
577
488
660
576
268
750
577
325
206
231
899
151
734
36
21
290
397
990
871
83
889
484
841
769
292
798
456
353
280
144
443
306
340
619
316
435
250
817
282
418
415
340
69
410
661
171
964
144
35
418
360
226
564
9
596
752
122
718
740
488
432
555
27
15
292
201
415
199
187
574
477
171
602
452
640
735
123
259
475
484
460
343
174
203
372
87
647
357
40
129
553
599
581
533
344
822
495
182
218
681
935
845
662
11
134
28
334
276
714
809
930
660
732
998
229
983
775
212
71
648
404
783
448
868
44
222
705
381
743
438
838
683
165
973
624
639
141
1000
381
795
701
845
308
128
907
738
429
971
304
74
104
189
689
849
397
819
585
388
206
689
30
22
687
535
521
506
689
477
956
497
197
366
20
907
666
123
175
619
341
469
496
474
991
11
107
433
806
754
742
268
397
856
220
582
407
941
866
376
720
699
422
405
895
633
644
466
833
27
554
67
477
14
631
990
649
959
309
614
310
102
854
4
583
909
224
628
769
469
7
341
357
591
947
768
80
889
69
811
986
529
914
679
570
382
900
744
894
493
243
663
752
802
607
3
646
691
982
627
967
710
433
783
565
956
358
540
642
617
671
925
181
581
454
562
860
621
671
692
243
782
675
502
469
251
992
564
789
671
999
155
276
601
492
720
111
576
195
919
189
91
723
979
587
645
225
1000
588
323
806
877
97
85
713
99
630
688
680
753
866
261
4
943
563
329
957
398
976
135
566
650
779
677
138
295
361
649
948
625
221
962
957
605
381
966
207
357
471
650
757
207
830
27
300
998
768
504
363
616
232
716
881
806
21
304
586
944
220
115
62
995
525
548
868
964
265
333
670
330
718
226
49
353
540
35
739
151
776
353
871
461
868
439
867
507
857
483
285
254
643
68
736
57
812
149
824
609
217
485
10
796
70
143
103
128
500
937
412
821
778
125
897
785
821
911
879
233
378
47
592
995
334
258
712
856
808
160
654
314
737
257
655
156
30
377
2
358
468
472
376
762
320
651
930
299
992
157
930
921
149
81
43
996
684
4
42
709
504
132
782
498
339
809
747
712
768
593
779
717
324
17
903
842
764
215
30
540
785
828
450
347
199
651
945
912
445
28
703
12
687
137
483
624
472
552
726
212
790
14
901
218
680
975
526
109
697
300
993
774
871
864
144
872
269
516
675
783
50
618
996
849
1
407
779
970
886
71
551
91
417
557
766
778
465
685
884
141
145
371
965
697
390
78
768
656
991
676
498
161
908
789
759
183
323
938
539
657
381
167
393
661
79
532
580
889
104
68
205
587
778
768
202
30
309
255
618
457
128
631
962
266
565
423
354
97
580
723
865
581
580
881
787
882
127
403
381
999
16
882
255
484
17
83
997
525
281
616
595
66
858
663
558
474
605
624
484
968
682
728
675
871
887
420
840
532
439
786
125
525
302
669
549
618
38
170
540
243
921
717
313
675
997
60
232
298
611
123
812
49
972
79
111
877
170
963
862
600
364
620
441
790
120
351
844
230
45
866
271
419
695
825
743
466
894
318
639
917
394
380
782
166
269
465
929
379
648
267
782
333
657
691
906
971
605
802
344
934
223
205
851
317
674
94
408
767
943
332
250
913
180
402
277
644
696
209
763
327
666
827
733
324
227
444
920
341
616
952
195
649
12
62
665
656
32
978
378
328
150
51
437
593
810
556
301
80
540
88
225
520
746
306
688
891
701
496
543
73
541
639
95
121
688
553
42
101
411
389
370
949
492
905
128
642
654
863
272
75
469
81
108
702
745
429
768
236
87
523
43
666
224
87
640
298
362
607
332
69
378
838
490
601
234
504
2
365
290
144
554
266
406
766
575
321
661
78
685
82
826
999
700
852
106
920
848
58
23
842
210
909
195
609
70
720
135
922
54
324
305
514
851
65
963
490
302
218
366
432
233
239
64
496
221
557
886
189
68
328
279
456
134
413
451
963
133
158
47
516
273
637
441
454
82
647
477
380
815
849
96
207
983
595
744
531
766
609
385
251
408
659
883
545
235
679
689
380
62
561
532
508
743
658
534
643
964
774
945
987
267
153
599
747
182
358
93
638
164
35
863
665
171
654
338
154
787
277
75
416
623
742
848
268
303
505
864
137
271
211
314
623
227
357
779
95
209
997
402
148
409
343
73
754
388
947
551
418
899
428
413
756
417
601
885
477
850
756
621
401
381
183
138
263
547
571
17
273
860
855
339
277
796
4
720
623
590
52
106
707
455
859
898
183
614
12
587
662
853
839
847
671
791
880
136
712
182
220
266
957
975
696
665
218
595
200
626
116
883
970
340
795
335
844
502
452
594
597
689
517
746
440
880
954
853
681
591
806
891
765
533
128
150
709
29
911
456
