#seed = 303
33
246
993
759
200
95
580
970
639
265
581
529
408
162
420
485
809
597
848
91
263
542
557
791
703
33
609
842
125
712
401
142
505
297
947
5
843
636
692
423
287
723
962
40
235
221
346
153
161
213
604
301
815
111
719
255
848
730
720
537
669
943
258
539
982
256
823
751
897
22
905
279
899
911
775
282
832
708
649
131
806
858
745
361
74
660
1000
921
903
506
173
277
1000
567
144
897
126
862
681
749
930
657
825
179
497
96
188
979
956
385
40
331
970
590
655
955
242
955
170
987
735
641
75
723
442
3
110
332
139
173
258
197
669
700
28
638
875
527
646
5
265
549
732
29
65
260
198
516
706
875
188
692
386
41
507
982
513
158
592
189
668
592
66
73
498
421
154
217
529
462
687
358
514
431
891
349
40
492
933
674
479
431
27
542
809
304
900
407
444
80
207
469
930
517
766
164
916
325
553
570
890
498
551
647
88
263
703
840
160
153
811
942
836
349
863
277
660
344
668
970
901
711
909
967
241
369
476
818
823
274
45
600
833
829
263
227
343
687
292
521
160
565
690
329
263
403
546
942
842
27
160
22
665
659
791
85
847
263
670
279
616
27
430
400
816
997
200
881
876
43
309
168
925
273
880
533
182
413
326
126
165
683
756
485
736
668
284
517
983
372
745
180
732
434
855
878
349
563
190
798
586
937
436
73
21
49
242
498
945
803
337
723
387
780
570
750
562
225
461
792
839
78
475
319
784
311
140
408
768
777
477
466
520
905
139
923
891
680
147
705
783
807
535
244
12
721
980
894
767
104
506
183
117
959
115
465
381
583
684
430
347
6
961
78
124
276
469
130
81
415
778
401
642
782
323
31
527
683
270
256
464
642
502
350
660
76
639
739
23
71
912
836
126
333
146
117
812
606
150
689
640
641
221
212
100
82
947
285
277
953
640
626
580
316
433
609
433
831
830
191
213
815
365
495
392
782
920
652
870
142
454
413
373
629
367
194
771
332
739
299
361
471
161
900
222
965
527
658
370
691
361
960
842
883
392
590
297
38
355
960
276
898
627
547
408
648
132
607
671
432
24
488
903
904
817
834
796
136
893
521
650
703
670
212
37
340
491
812
109
976
782
724
956
434
142
690
318
920
955
93
748
71
187
621
701
964
524
946
53
231
975
360
210
772
294
416
106
175
621
493
524
609
77
294
917
751
178
590
959
472
890
280
676
993
224
62
324
879
392
53
475
662
266
303
926
154
282
187
828
52
574
829
749
2
873
523
445
651
39
338
429
453
19
856
12
593
78
854
123
12
903
683
771
505
257
272
82
89
32
210
441
573
461
834
925
191
396
514
576
608
612
804
215
257
251
344
220
858
362
761
637
642
431
549
888
689
626
916
225
755
344
354
920
19
892
403
926
481
765
169
673
788
785
972
59
310
382
385
544
264
291
719
820
5
363
478
8
92
824
718
576
605
85
569
341
707
911
152
591
947
816
894
751
271
420
584
698
548
684
934
917
643
528
503
216
195
520
304
873
530
484
2
737
362
841
353
844
674
169
675
624
96
803
301
338
860
829
56
827
375
274
101
577
276
117
997
977
457
867
919
822
73
729
628
873
543
829
254
337
784
154
20
652
13
670
718
91
489
601
990
290
740
939
142
951
973
304
541
942
748
400
162
465
466
578
764
713
117
620
918
987
717
319
384
879
176
99
538
477
745
108
92
191
950
962
822
207
483
918
62
684
1
434
738
521
333
561
427
312
984
360
788
707
622
665
802
142
274
344
85
538
307
873
464
113
839
743
744
852
565
958
89
12
254
245
797
257
654
902
159
965
589
698
368
478
809
857
76
632
297
960
189
252
699
718
845
915
988
179
453
857
552
952
379
971
742
633
760
205
704
543
42
645
814
829
378
179
273
745
840
701
655
279
724
229
580
422
358
746
494
716
235
730
1
28
533
673
698
677
278
746
386
889
814
151
433
841
387
361
306
39
577
186
638
246
825
478
205
236
886
160
252
349
881
531
795
596
523
613
489
695
165
781
163
321
230
473
120
622
206
153
166
831
218
496
170
811
591
782
456
530
929
983
795
525
129
321
718
831
173
312
352
434
679
684
920
580
508
186
298
227
981
978
809
674
166
942
340
20
849
85
215
706
882
785
336
839
795
220
245
926
589
159
825
289
645
499
333
425
838
475
704
213
357
384
115
673
11
816
270
276
561
77
659
775
627
800
906
388
475
919
621
302
99
382
887
693
191
935
247
471
147
104
871
996
841
264
381
385
240
660
723
354
687
708
565
314
756
262
87
443
904
133
812
58
880
727
733
241
72
715
175
391
110
246
259
233
912
437
28
989
160
721
977
192
117
626
800
671
217
176
760
716
655
432
778
670
734
615
223
213
101
225
794
817
578
394
411
101
995
324
186
101
624
691
372
9
837
350
650
268
866
789
831
190
983
912
610
788
417
547
585
966
38
487
131
25
136
423
370
844
51
550
854
173
339
840
33
558
178
877
854
875
271
594
538
871
629
329
139
578
407
513
784
905
93
794
410
283
702
794
624
606
743
800
428
976
464
506
606
510
815
838
940
863
367
774
858
444
547
485
744
775
187
268
902
608
339
522
232
625
876
938
403
662
733
821
568
898
564
208
950
68
514
547
237
874
494
653
786
882
11
630
255
762
70
64
516
784
272
54
101
44
390
511
779
999
865
991
798
31
906
614
220
684
26
326
166
508
990
209
421
952
651
840
953
439
297
255
77
253
335
982
449
399
602
710
296
192
390
57
705
482
542
520
366
268
226
470
714
103
975
873
175
435
870
245
623
771
398
573
665
668
731
63
860
218
792
93
207
670
675
378
878
95
342
268
827
92
350
346
671
714
41
341
178
188
109
536
868
823
910
457
129
450
812
226
366
363
533
982
816
555
725
130
462
698
131
801
216
209
279
152
915
760
38
322
180
884
423
843
67
230
23
41
305
514
863
83
331
595
356
736
835
385
46
357
570
130
134
939
362
864
542
738
905
620
978
892
897
35
963
178
200
614
9
258
29
176
905
319
236
545
105
713
837
858
756
925
356
928
740
948
26
653
788
961
924
99
155
156
902
264
889
817
448
121
34
432
474
186
461
438
144
236
941
294
833
812
689
347
420
900
806
760
257
769
533
34
530
831
233
277
332
341
919
866
720
766
964
546
704
246
544
543
46
206
891
909
702
278
151
886
93
424
149
362
133
711
727
158
331
306
271
269
714
717
448
138
40
686
710
656
5
702
200
648
835
443
854
40
678
501
293
289
44
784
219
876
109
391
108
999
672
717
608
707
118
840
275
943
646
95
822
872
345
967
150
406
134
933
717
719
742
556
938
378
876
677
484
528
119
385
474
340
882
636
371
429
985
295
999
983
811
602
215
51
63
822
363
137
734
819
766
751
77
906
346
547
171
121
711
23
435
20
748
393
108
667
188
541
822
171
370
898
91
49
703
474
601
847
909
479
671
257
891
454
594
621
519
532
838
532
641
406
55
575
601
647
993
763
572
232
968
555
696
360
450
238
1000
76
497
15
100
100
95
931
513
980
236
617
684
498
289
472
274
675
719
308
893
814
664
138
503
694
777
478
657
679
621
148
173
454
494
179
788
598
334
547
217
914
260
631
88
39
541
144
956
673
187
819
36
507
699
632
968
263
152
322
644
731
81
45
146
361
630
345
749
686
590
503
71
934
894
674
53
87
177
885
716
395
104
491
677
36
957
901
63
671
158
624
742
119
409
515
295
313
489
906
68
914
985
180
314
418
274
951
627
876
13
87
934
842
679
407
29
603
186
53
829
277
887
835
111
8
424
561
751
664
451
596
930
571
783
346
323
376
952
999
447
408
877
986
909
918
978
286
488
927
627
241
351
900
966
550
457
867
988
377
194
869
395
781
26
691
25
651
901
957
238
90
188
332
983
54
671
524
951
232
531
570
338
963
732
592
931
540
193
523
651
912
571
963
963
330
206
697
600
237
934
189
228
323
896
994
823
433
180
781
745
661
585
853
52
84
66
400
227
916
532
729
818
369
202
530
289
609
179
706
53
668
703
866
844
660
679
880
835
351
267
154
751
935
816
666
679
507
188
813
998
528
607
679
964
184
853
575
676
872
380
479
521
265
154
895
78
752
282
527
763
48
81
581
921
625
264
601
199
538
422
470
531
436
530
157
76
156
690
607
674
9
514
42
157
656
709
27
814
532
801
847
930
486
936
45
708
978
378
956
744
295
134
490
282
795
908
643
823
132
254
658
106
71
42
787
73
569
48
427
455
359
13
292
323
164
250
592
692
450
409
783
43
994
890
167
971
239
103
45
882
182
601
532
785
131
604
120
620
556
762
163
736
944
300
20
854
398
230
762
542
666
279
454
17
138
855
76
748
89
398
501
242
639
537
25
30
119
750
502
837
243
800
631
48
309
81
936
40
548
460
53
179
520
329
546
614
472
520
202
741
450
112
455
833
520
682
747
472
43
113
142
758
556
476
545
890
934
697
541
949
628
232
667
410
219
547
229
349
147
131
474
351
740
371
380
194
212
575
797
644
741
150
766
451
212
622
51
174
665
257
926
506
545
331
448
663
39
102
988
659
891
504
145
405
63
489
82
372
35
406
777
376
286
925
174
417
471
62
528
476
30
932
498
826
22
200
166
628
235
56
146
757
909
317
633
999
817
407
750
359
743
424
643
173
876
28
842
125
282
266
313
133
722
329
884
879
215
57
592
195
882
304
936
599
485
79
216
102
407
475
59
48
392
82
199
923
111
412
732
651
245
238
859
673
813
235
386
291
56
513
464
934
6
770
605
69
140
441
622
645
413
960
885
895
33
491
124
435
191
990
765
358
297
785
485
856
729
299
350
683
603
383
766
851
362
239
561
481
141
153
910
851
952
720
835
166
869
919
206
132
239
762
504
771
148
252
87
707
780
69
575
42
951
13
778
607
89
551
594
386
748
889
409
449
380
635
83
431
542
810
125
766
578
895
972
154
597
587
768
125
481
435
678
254
743
181
235
63
808
929
4
966
499
62
74
12
31
604
355
166
929
532
229
332
24
510
331
290
112
135
528
92
100
276
161
945
939
207
187
991
918
101
837
478
577
436
130
372
193
162
251
469
842
746
137
740
475
545
421
134
379
395
857
867
914
604
960
942
37
363
44
845
437
880
273
929
404
457
384
528
841
786
203
128
335
303
952
214
979
24
61
445
810
486
764
596
510
431
399
68
942
939
854
958
485
640
28
269
780
1
193
760
938
749
302
480
740
952
858
526
950
102
930
197
532
61
8
333
822
784
120
343
643
129
583
185
599
198
5
804
624
565
640
631
581
696
48
974
285
372
258
583
956
168
775
508
995
127
9
79
194
259
768
183
853
987
253
975
208
570
756
119
842
940
468
224
949
759
67
738
667
212
620
7
590
439
380
492
573
438
228
40
486
106
47
269
6
565
390
805
260
737
957
56
922
390
115
564
613
16
233
461
987
357
339
184
283
307
302
234
28
469
81
367
437
230
615
601
685
156
79
259
280
380
256
977
585
761
101
289
348
989
151
949
948
616
969
831
756
995
904
242
648
768
154
431
100
921
677
325
657
926
384
210
468
487
316
321
262
431
174
314
682
462
461
292
131
164
834
350
462
665
642
647
799
977
511
358
214
339
433
35
96
902
961
409
316
514
335
952
812
791
353
641
674
862
74
506
620
954
456
136
687
636
238
296
105
777
318
764
761
821
54
405
255
431
430
364
482
455
202
519
262
354
44
698
878
893
740
701
553
382
383
3
146
96
433
685
759
210
563
857
715
69
626
668
327
124
469
923
445
39
12
30
678
198
809
682
201
459
407
229
15
85
143
27
234
774
189
366
840
514
300
361
498
539
510
653
308
584
351
183
593
814
124
257
965
570
580
986
3
471
477
580
900
387
311
363
965
779
532
280
21
539
437
353
439
51
635
153
980
341
629
276
902
194
506
313
46
87
610
869
490
128
310
556
297
282
346
345
785
449
677
496
618
497
822
605
642
511
990
837
258
834
681
191
704
446
672
546
222
230
92
880
346
647
931
820
813
69
653
367
492
416
60
714
492
862
804
237
642
12
174
646
536
13
523
811
866
715
271
563
695
486
498
52
399
747
187
869
591
142
248
610
148
322
653
289
710
124
178
532
892
27
328
457
408
994
532
277
599
486
45
447
771
319
497
623
77
129
852
687
531
537
748
242
391
160
407
665
267
8
887
392
249
365
490
605
773
328
128
421
381
602
599
50
405
649
334
609
486
554
948
881
309
978
723
86
575
92
722
334
638
986
662
159
144
31
121
657
450
518
839
378
976
358
432
395
818
718
16
993
844
493
877
316
33
888
410
368
255
453
288
472
640
706
745
545
882
543
879
786
399
612
849
407
160
18
743
408
522
863
211
306
822
52
51
645
876
133
473
701
755
742
996
595
930
334
18
614
131
737
902
893
882
105
629
184
444
758
842
673
109
796
199
543
983
293
240
88
680
394
401
187
348
119
169
412
735
616
175
119
40
821
740
13
167
414
942
67
411
673
885
27
426
453
912
386
193
886
728
639
53
908
255
796
855
400
485
913
887
431
165
176
969
357
327
102
721
197
348
42
15
619
524
505
432
259
517
948
220
113
191
519
817
694
439
601
749
60
979
217
600
105
678
99
456
757
627
603
351
148
123
819
800
319
450
121
314
254
479
887
685
944
689
666
127
852
121
842
151
264
985
331
442
682
139
939
424
827
311
593
323
702
727
689
134
816
405
46
381
460
865
771
26
755
21
608
717
351
948
469
437
638
98
728
951
848
473
72
386
776
377
409
15
118
503
105
425
764
526
976
310
730
575
756
275
972
88
435
258
550
316
561
364
838
773
607
684
56
348
456
712
584
266
827
326
148
405
749
714
129
396
592
822
318
900
785
356
248
566
353
299
21
891
922
493
711
890
797
555
114
946
69
185
341
234
981
88
806
378
583
595
107
408
210
161
637
83
898
653
934
135
318
24
873
446
535
339
745
491
779
471
94
779
45
351
994
782
258
294
603
844
348
714
518
35
462
131
249
759
633
615
300
93
635
290
805
451
521
74
196
819
415
451
699
248
490
62
501
74
340
283
518
946
75
228
167
355
971
212
902
312
168
27
347
920
884
609
438
459
749
848
132
182
121
75
213
30
583
962
674
636
445
99
244
104
690
265
256
442
773
878
828
941
42
390
823
560
979
848
366
938
277
756
366
850
391
330
804
196
193
128
456
414
104
348
810
841
469
32
593
317
413
165
797
84
757
201
804
733
920
877
586
793
960
160
916
485
326
356
748
920
24
619
858
979
651
213
635
80
636
303
975
666
724
962
486
266
737
423
71
241
807
968
725
740
259
754
32
242
282
145
478
5
272
55
114
108
708
326
386
861
177
946
934
396
49
225
782
235
674
360
915
175
76
783
217
669
378
21
91
193
123
973
85
784
472
549
752
712
193
6
947
243
130
288
232
328
37
682
632
675
251
268
487
835
290
349
66
292
823
382
34
441
867
494
369
535
820
989
78
50
358
547
26
653
921
626
274
84
915
746
804
232
990
336
773
793
25
146
719
973
556
471
674
9
799
328
702
436
351
341
282
35
908
356
139
810
764
343
540
470
333
334
58
540
668
910
563
830
343
806
185
424
774
156
48
888
83
722
144
805
441
646
832
497
609
920
207
850
436
984
103
249
518
19
58
628
691
490
799
442
201
51
499
823
560
850
700
660
769
591
204
392
852
911
127
920
371
582
555
737
804
411
573
255
591
993
201
746
823
471
828
210
53
101
943
801
136
660
368
100
824
544
158
528
573
521
220
843
703
383
767
198
635
800
262
638
593
584
817
474
33
331
804
745
514
26
75
131
890
350
81
253
667
626
193
889
519
102
277
331
480
807
482
563
309
490
967
842
583
326
998
138
633
12
155
18
839
138
861
315
150
301
39
759
555
265
429
985
369
614
677
443
383
614
827
475
135
902
647
124
730
844
901
302
510
256
534
242
143
58
694
998
132
283
938
802
210
954
522
133
908
612
728
233
453
789
156
864
941
201
506
289
233
475
856
687
873
744
329
485
931
111
384
31
550
740
780
982
882
788
591
49
255
242
223
143
1
303
507
689
696
420
364
309
146
181
74
719
757
229
61
443
324
189
414
461
370
324
122
657
281
771
913
463
154
418
269
723
331
775
681
612
845
409
848
551
60
642
113
18
89
736
354
60
732
145
453
554
137
566
151
422
36
516
844
467
309
866
587
38
823
933
786
792
397
735
926
500
534
962
297
375
406
517
625
463
441
635
624
256
717
153
39
492
462
284
655
530
636
355
870
520
807
758
610
561
151
344
223
651
996
64
76
499
441
922
982
631
811
512
61
350
571
854
466
215
564
995
470
351
905
881
769
789
723
561
149
763
463
652
164
487
819
524
352
60
546
121
643
911
13
420
318
55
24
720
240
30
205
315
815
625
728
208
1000
193
787
190
211
909
794
86
444
750
378
853
141
707
768
985
613
23
878
7
930
647
661
845
619
280
765
431
447
30
936
806
773
257
892
910
901
192
559
930
674
731
270
768
889
479
208
173
321
359
617
151
111
158
814
149
771
298
21
629
245
33
275
509
821
664
796
832
478
52
306
4
828
545
853
824
542
604
992
619
908
245
630
887
628
424
930
969
708
905
768
101
204
133
412
750
777
196
56
250
522
951
385
23
938
289
2
640
662
531
495
775
989
988
335
138
87
890
905
716
386
147
472
276
68
1
826
932
426
667
529
432
737
440
133
262
515
65
381
699
314
287
70
88
76
780
34
570
975
583
68
423
86
300
217
95
308
764
965
497
303
960
58
683
918
746
692
645
241
499
76
303
829
189
163
460
6
537
535
667
885
533
250
322
532
222
465
914
671
336
209
420
9
792
942
956
341
712
713
639
956
695
434
514
326
809
236
67
801
467
82
697
508
405
750
967
939
957
495
297
384
501
545
400
129
685
731
394
988
882
252
582
670
925
994
432
695
901
839
873
582
416
508
977
524
422
612
686
697
758
892
800
531
777
759
584
310
804
579
277
684
508
808
235
914
648
483
53
211
333
781
911
577
792
740
73
698
542
720
908
865
911
253
163
248
56
804
310
56
321
928
138
912
743
964
159
98
607
88
899
740
301
666
961
995
488
348
382
7
281
183
206
14
136
578
301
302
237
588
855
285
376
408
663
813
237
102
671
474
797
730
224
940
187
243
918
495
215
792
322
474
308
492
787
902
499
785
539
427
311
113
47
85
394
171
378
58
877
863
505
955
590
30
106
666
762
378
678
484
900
276
382
477
903
27
761
710
838
636
22
757
977
630
248
329
943
61
23
783
929
438
845
527
942
916
703
761
474
122
230
401
642
534
117
533
474
269
350
680
318
981
837
24
724
753
32
698
39
212
389
922
906
505
932
102
299
167
17
561
550
866
177
674
637
544
762
307
944
271
81
153
658
181
859
306
670
659
73
413
542
217
521
480
135
516
367
172
256
371
519
61
506
42
682
580
133
930
236
721
529
344
424
962
47
964
48
476
437
688
413
722
510
244
727
816
819
795
921
673
302
83
276
431
106
503
554
436
756
294
363
278
391
827
94
305
305
152
571
133
468
802
457
385
184
773
543
908
802
690
567
560
928
674
276
582
957
502
41
818
58
893
52
480
668
777
489
791
490
556
925
40
475
892
807
415
882
925
95
142
897
595
469
133
187
684
563
294
267
220
839
339
858
846
690
707
755
247
733
241
35
174
174
908
114
397
39
405
448
355
159
561
677
982
617
175
294
557
450
263
361
615
817
47
948
364
334
953
280
387
697
850
654
609
392
553
359
457
347
586
685
805
249
681
242
275
935
810
702
643
586
648
104
170
777
935
422
998
974
432
989
879
291
78
647
521
252
733
787
141
180
260
986
977
386
502
854
417
584
475
969
189
878
610
620
615
435
7
172
388
338
806
438
936
881
627
777
591
21
390
13
61
967
688
774
868
316
750
513
997
772
657
308
342
687
440
482
648
910
86
669
320
868
936
78
149
964
647
194
396
827
204
529
648
425
139
36
703
279
150
545
253
979
316
261
525
151
158
123
806
681
395
683
372
534
56
745
416
189
710
389
154
979
988
454
526
701
772
474
540
315
803
838
655
903
653
168
850
43
297
186
755
670
696
359
487
323
122
479
584
317
891
651
788
353
160
558
351
629
693
217
432
475
304
784
780
164
674
555
152
477
146
551
172
536
9
784
997
884
632
302
712
319
121
194
306
595
4
470
53
561
563
583
108
775
206
478
455
987
19
201
394
302
758
654
463
569
51
660
981
668
137
444
448
83
742
171
586
461
798
62
262
792
258
540
347
268
271
681
365
995
523
655
854
740
458
720
866
353
312
146
373
783
566
491
78
489
579
733
713
927
137
150
281
626
570
657
773
435
731
236
226
477
764
940
500
560
234
444
344
582
481
572
151
138
961
873
951
253
995
545
74
633
59
271
912
82
99
549
916
410
391
742
726
761
474
591
674
144
165
822
211
858
399
59
941
796
782
662
371
34
320
554
371
242
53
329
966
921
540
697
107
561
316
957
325
176
469
686
436
169
192
352
15
576
789
896
325
489
611
806
743
722
446
701
83
638
247
147
891
65
113
344
716
685
474
14
545
723
931
402
350
406
409
216
803
384
525
534
765
669
814
31
312
771
753
508
509
418
166
146
185
655
795
995
974
236
186
256
274
685
412
139
118
289
469
336
736
882
340
936
755
176
341
330
492
282
136
484
42
660
776
715
990
329
268
487
543
724
810
511
23
372
934
446
315
444
125
294
232
122
981
535
404
844
526
155
31
918
619
371
462
357
806
189
942
633
173
863
793
491
933
532
335
763
534
314
865
80
784
182
258
447
14
476
930
322
700
689
388
797
854
762
732
486
96
109
531
615
269
977
740
930
853
675
107
912
739
878
762
428
967
262
509
761
857
194
388
763
465
308
783
110
830
243
770
76
565
984
429
333
517
817
999
869
828
471
332
886
40
515
295
736
391
625
129
148
244
251
229
112
414
526
607
630
287
999
616
919
976
937
543
636
745
81
814
767
942
937
117
162
612
215
74
345
577
365
730
378
819
799
785
498
85
829
694
804
65
775
916
252
700
300
86
892
587
36
172
300
813
55
926
809
155
672
353
386
973
538
638
908
943
896
500
216
397
745
795
136
114
16
561
460
620
757
916
118
555
766
301
192
186
348
973
489
37
597
299
138
715
281
550
587
166
211
668
6
325
28
422
924
323
351
545
101
518
222
950
183
777
196
286
393
369
