#seed = 202
783
395
661
481
420
895
203
201
693
408
993
58
439
454
872
463
37
921
541
334
207
244
507
645
626
773
877
659
536
197
890
412
335
488
132
436
477
764
733
849
725
673
38
535
255
771
261
458
483
895
883
505
278
992
47
953
920
182
891
642
790
103
40
390
267
12
182
219
937
207
128
367
131
900
226
706
810
670
203
447
244
316
917
666
360
197
306
300
345
887
472
785
249
999
358
788
59
628
200
812
394
401
534
781
587
355
358
420
162
247
570
900
358
908
354
114
997
203
602
333
16
83
981
682
993
517
400
584
327
108
295
941
756
173
258
885
609
694
512
982
729
310
670
667
964
910
132
574
190
681
571
478
137
451
56
899
16
177
356
744
666
455
478
766
619
140
28
512
104
193
579
825
161
653
14
904
64
825
668
884
983
90
509
393
7
376
200
535
698
692
812
89
211
423
479
985
38
952
554
261
775
438
512
250
805
667
240
871
683
990
483
964
619
177
75
231
465
482
635
809
240
85
568
213
21
44
428
990
964
62
663
321
519
643
892
711
610
522
658
385
920
895
403
578
874
500
963
381
319
157
256
196
103
617
565
551
753
794
575
460
508
394
552
569
122
258
842
985
252
651
941
308
678
504
562
861
123
974
629
717
998
899
286
827
226
377
621
428
634
477
153
54
990
606
775
566
206
806
485
349
350
244
757
640
593
221
234
85
957
382
700
263
650
928
199
833
203
309
201
162
941
955
454
22
719
47
709
352
832
906
296
346
207
143
987
954
145
748
865
406
15
22
40
309
885
785
712
416
328
143
599
80
396
51
675
586
462
376
980
695
920
129
965
291
271
567
437
334
178
711
193
267
822
769
688
680
219
423
679
722
889
355
463
943
646
760
243
293
207
871
23
643
531
885
462
728
221
936
212
557
20
353
345
753
221
949
66
538
687
734
917
620
242
341
318
206
375
638
296
171
814
458
608
794
796
391
373
444
849
989
392
605
279
554
548
199
80
767
90
378
227
734
820
977
723
852
881
227
992
951
866
682
713
180
720
45
765
254
430
599
266
497
248
5
957
972
996
69
859
94
509
78
819
54
830
772
713
324
387
352
532
295
209
918
269
809
23
747
374
916
924
731
737
243
64
205
351
559
448
836
536
205
523
352
858
159
201
371
656
897
664
476
17
517
156
15
122
146
632
880
242
903
445
859
506
562
619
635
262
680
375
306
691
497
273
139
32
340
971
375
915
980
591
215
363
501
858
62
454
63
982
529
605
934
537
440
489
488
159
641
246
898
132
398
789
282
136
539
903
845
779
848
800
360
880
945
46
616
87
285
429
682
67
979
933
356
181
169
238
534
743
727
111
65
882
915
361
883
549
26
857
80
75
560
261
664
391
975
725
300
913
432
528
213
604
68
429
895
664
311
7
18
572
828
967
422
246
395
243
84
791
609
151
6
523
341
420
805
173
54
338
401
818
567
648
984
256
943
606
361
318
162
381
747
25
138
922
266
568
125
211
594
367
672
730
607
946
616
411
195
104
272
699
138
829
957
95
456
870
566
393
450
878
39
449
561
965
303
756
253
794
687
51
367
693
23
30
35
623
838
399
640
151
317
486
307
318
610
484
442
632
560
119
527
481
54
433
121
934
144
961
958
278
176
372
394
469
395
327
597
969
359
882
867
183
779
852
746
860
682
886
752
427
940
17
352
714
648
190
444
737
600
118
648
582
806
96
299
605
497
240
51
61
800
870
969
771
901
663
221
357
895
413
581
661
230
783
700
415
110
174
165
579
311
236
519
944
610
173
728
630
589
486
440
890
138
542
434
499
402
224
812
762
818
52
265
823
486
683
565
483
870
23
526
596
706
408
398
907
307
95
952
768
408
851
736
709
9
686
97
613
861
553
656
634
764
447
623
579
161
24
503
766
528
772
585
458
192
458
709
719
117
672
498
104
941
992
846
426
44
983
251
894
473
307
575
614
329
670
332
728
232
275
618
195
269
209
212
374
172
983
444
431
183
669
76
626
163
619
404
74
970
419
373
994
790
236
797
391
884
100
119
368
899
755
341
317
192
526
793
798
212
163
681
997
826
658
790
646
731
743
295
624
590
231
611
778
281
897
794
898
917
37
950
325
527
175
722
17
987
200
569
818
430
17
318
420
67
738
883
773
434
559
509
819
568
921
56
50
784
386
773
553
285
631
602
161
610
467
278
351
865
57
635
746
311
788
791
976
571
686
997
819
309
679
222
482
331
781
198
740
527
694
823
962
570
18
33
122
80
642
687
106
628
10
605
481
277
816
206
737
722
285
254
914
445
77
752
909
102
232
793
743
234
653
874
227
805
455
750
194
942
564
974
488
835
869
189
32
834
361
116
205
197
888
867
949
390
605
796
238
237
258
121
720
49
81
906
379
886
568
980
106
517
409
786
811
391
386
152
543
254
495
568
800
534
268
62
801
511
331
371
65
24
140
54
513
369
901
435
763
111
316
936
620
47
985
828
498
401
57
486
839
777
702
939
849
876
841
16
989
101
792
945
250
692
32
924
240
104
438
265
291
962
485
502
277
938
672
765
261
431
480
562
101
442
607
489
970
741
829
925
355
426
877
850
421
457
915
911
629
129
349
128
553
878
905
334
828
184
596
747
522
331
118
121
835
352
825
338
663
621
523
154
579
969
771
584
611
282
69
460
286
932
855
39
314
657
220
981
609
884
990
691
538
318
557
617
52
2
701
684
114
572
204
892
644
585
571
665
141
837
239
296
82
586
948
432
479
453
550
751
693
950
777
962
648
17
570
191
787
789
285
865
686
311
749
63
364
334
933
565
951
932
891
44
813
330
978
181
454
150
477
344
139
801
676
344
657
116
203
970
736
22
628
286
577
989
464
441
648
238
413
701
739
360
294
622
583
295
938
369
134
756
333
743
796
650
35
732
941
312
211
238
559
119
780
310
460
578
918
127
245
48
691
391
590
392
434
419
244
788
575
203
399
728
160
445
562
283
910
995
530
416
356
507
814
728
818
138
98
641
716
26
625
346
890
426
367
416
80
585
915
601
176
502
708
91
564
841
846
639
283
278
30
438
140
561
287
7
426
474
136
229
335
363
366
965
918
59
758
363
760
102
137
835
325
485
674
400
568
777
871
855
822
959
565
914
542
131
911
504
869
544
786
727
615
301
247
156
272
497
65
887
776
698
24
384
697
338
448
467
829
86
940
894
545
237
840
401
827
107
598
989
192
370
373
11
904
207
967
899
328
210
969
380
569
730
74
607
852
420
781
922
760
280
569
557
285
231
182
963
374
809
267
250
400
207
826
721
679
874
468
583
285
502
154
30
725
6
181
191
859
503
875
99
430
354
848
538
813
290
990
445
713
159
891
155
378
716
107
96
984
522
102
452
4
248
439
97
896
360
987
166
477
338
249
259
215
934
814
152
440
331
193
630
482
844
284
753
939
980
359
989
184
676
908
741
510
310
681
114
269
697
163
181
812
412
374
71
458
281
933
395
11
171
809
674
122
240
53
36
634
417
322
400
598
307
566
885
684
578
310
517
662
144
630
304
560
895
871
163
926
600
238
273
801
227
70
538
274
455
306
327
191
656
785
347
178
47
656
296
37
969
286
310
375
372
919
516
527
519
584
850
737
471
571
267
648
868
19
300
646
260
630
40
469
469
379
86
910
975
951
674
742
421
473
123
610
16
326
403
517
427
185
278
715
385
926
820
13
402
559
598
28
769
817
185
876
129
463
555
559
56
412
601
116
501
262
644
620
513
79
182
536
366
608
515
169
645
320
623
171
96
735
969
407
422
865
478
185
707
362
109
509
15
595
109
270
379
447
544
398
178
707
662
164
880
904
297
333
413
947
727
317
565
656
349
203
280
133
932
743
8
536
160
57
15
804
773
659
425
108
935
63
163
880
982
6
543
400
447
265
36
152
36
77
973
943
494
443
801
622
928
949
240
347
866
274
31
22
110
768
909
554
667
23
453
84
526
216
546
690
896
893
882
912
912
629
224
579
326
652
777
13
600
480
58
270
988
669
605
782
819
967
45
471
994
401
975
927
362
811
801
686
1
939
658
838
369
271
119
533
806
707
191
373
129
578
9
457
410
143
847
955
892
541
84
3
918
890
77
239
952
208
70
402
931
82
494
927
761
548
727
27
817
652
952
931
783
189
889
303
453
74
366
782
787
72
655
389
185
496
498
533
506
623
882
421
800
625
593
110
804
681
34
952
951
445
3
93
230
836
226
979
206
359
939
785
28
598
733
246
495
430
899
613
809
4
336
213
384
339
863
923
367
727
679
608
916
71
132
342
275
382
447
452
585
455
581
712
555
539
886
681
436
550
22
559
606
44
229
995
521
973
856
341
967
548
811
740
233
137
474
265
730
751
722
47
108
739
467
367
10
195
150
469
343
627
80
494
1
946
500
672
907
482
69
736
623
44
264
903
160
848
857
709
91
326
166
354
136
730
806
248
224
471
4
536
388
440
799
324
470
166
127
258
904
651
844
209
456
706
168
513
492
427
193
322
501
524
365
689
630
621
120
618
918
303
121
237
232
389
641
441
532
571
215
935
260
502
83
717
684
161
546
352
645
597
444
277
232
215
233
342
764
584
158
285
14
190
89
269
724
997
327
415
384
826
142
208
469
260
718
262
546
355
285
442
860
322
164
370
88
656
684
261
24
457
537
830
28
6
317
885
546
697
560
825
563
503
747
654
809
723
635
296
888
569
652
197
177
20
344
536
919
823
987
875
624
563
216
72
941
853
7
270
812
578
428
387
951
995
240
644
855
568
418
809
734
876
531
110
115
774
321
995
146
629
805
165
34
860
764
39
932
492
316
307
714
192
455
957
355
295
324
382
604
217
357
196
112
940
863
337
884
869
774
276
883
201
242
827
283
693
935
274
352
959
190
981
655
587
683
251
177
74
900
760
345
981
381
907
461
62
272
867
152
898
21
247
161
636
303
450
519
135
42
675
7
150
935
934
257
719
8
182
974
436
860
548
770
88
768
147
486
547
523
11
378
529
488
128
462
156
329
235
932
752
363
362
775
280
976
369
583
426
329
381
881
255
416
345
765
539
491
313
443
943
792
486
412
199
376
886
228
267
658
131
542
757
994
675
134
856
128
30
658
167
614
421
804
778
11
317
573
788
744
411
763
884
542
917
860
946
16
937
407
104
146
909
898
882
556
484
577
627
259
546
668
810
12
235
260
862
327
563
718
693
324
441
165
697
454
166
898
331
236
649
371
136
639
251
357
431
653
588
378
302
979
813
31
485
897
490
191
93
146
750
181
236
932
670
738
805
484
952
169
307
786
199
401
324
458
253
896
359
961
810
6
416
917
668
650
569
221
558
13
859
803
858
978
417
30
323
650
952
924
914
452
286
110
411
267
586
364
357
22
680
165
667
85
100
792
815
281
883
159
737
735
91
176
343
448
842
468
863
547
183
842
871
976
1
556
62
483
334
693
328
826
102
959
551
858
571
899
567
918
739
383
431
38
771
670
895
320
228
189
231
373
31
550
744
892
200
624
68
405
267
30
756
239
479
994
96
79
827
944
27
753
64
694
607
619
782
120
816
462
861
451
707
444
364
10
562
861
750
706
100
989
845
27
684
285
366
933
960
876
888
136
857
383
710
795
677
889
788
198
925
13
374
678
148
185
171
839
897
170
327
957
872
327
198
344
280
385
200
124
949
553
918
198
329
842
868
56
48
658
428
242
207
975
800
314
352
495
697
322
165
711
392
405
189
617
476
286
474
199
639
686
396
968
615
947
998
578
458
127
649
335
951
385
293
960
357
839
713
636
963
966
942
62
692
926
110
657
832
938
325
952
438
552
408
162
997
222
327
377
694
960
438
278
95
842
652
310
190
87
272
264
258
364
289
519
351
593
716
677
441
585
171
455
492
425
330
582
329
238
130
421
139
961
707
480
931
78
755
659
580
232
335
305
133
595
943
284
883
985
992
289
957
73
72
496
239
416
338
55
675
157
166
231
511
416
811
215
824
502
507
902
90
737
971
705
774
337
737
731
841
567
553
110
620
949
641
315
351
507
601
777
841
852
732
493
234
355
274
438
909
196
780
994
801
567
855
713
140
859
793
696
462
498
394
849
921
810
955
788
975
246
963
662
297
854
124
796
675
242
840
159
901
142
589
477
164
297
106
70
888
846
877
68
860
532
817
704
353
121
857
826
651
234
620
155
429
575
221
683
206
988
570
788
846
479
843
435
215
168
725
467
153
759
390
751
195
302
759
778
632
900
334
845
670
910
66
342
455
243
600
836
172
440
596
486
846
815
618
947
215
79
190
902
616
24
982
342
185
372
867
50
500
442
349
404
350
791
151
76
188
912
298
253
124
423
228
545
972
771
879
61
91
548
648
484
985
996
958
686
674
830
274
255
119
271
281
788
326
895
945
484
839
735
911
221
858
627
504
560
994
952
761
909
870
1000
971
204
591
395
993
919
210
823
787
347
615
709
775
51
3
590
932
857
417
400
367
709
910
994
789
36
846
410
329
438
702
258
148
269
559
918
427
790
482
253
634
109
637
426
474
836
811
498
356
914
951
7
883
798
478
605
414
481
440
193
292
182
945
680
830
556
20
490
989
915
366
997
677
614
348
535
775
199
309
961
236
549
677
699
181
374
579
279
26
448
777
993
382
604
723
61
906
285
99
813
49
955
579
184
692
486
161
106
162
27
550
588
391
832
91
644
604
609
591
32
728
2
550
519
67
85
936
677
56
642
764
57
680
762
155
968
855
472
166
458
494
293
768
853
770
594
746
198
668
697
958
685
409
89
206
743
510
889
455
325
893
299
355
236
291
224
534
466
69
632
785
754
206
254
827
229
768
693
552
953
486
202
732
991
995
687
188
731
589
906
389
965
96
152
766
931
819
846
918
429
947
138
16
988
772
504
46
289
571
72
427
63
623
971
789
444
187
29
61
532
499
295
977
771
716
857
665
589
62
352
452
474
641
457
644
334
461
493
916
42
386
865
2
671
413
157
71
707
764
925
165
817
913
652
59
759
489
470
266
931
571
307
678
862
84
838
234
402
471
958
879
453
251
130
590
142
371
292
753
293
337
396
74
408
369
546
394
334
892
182
675
769
331
618
929
535
229
604
735
612
242
93
182
146
705
460
320
751
759
803
49
869
531
926
518
404
423
691
838
712
531
534
834
943
35
162
213
285
465
967
71
493
195
475
682
416
882
56
568
357
149
796
405
114
590
459
334
336
451
654
353
935
700
165
345
431
142
925
157
14
467
624
73
697
5
177
645
800
903
398
983
318
303
613
284
460
884
882
24
804
457
569
414
493
998
565
822
377
410
949
471
701
851
93
216
165
878
451
338
399
133
346
871
763
55
21
974
86
692
250
418
12
564
360
375
942
578
28
753
49
933
444
718
454
420
404
283
177
157
485
922
586
961
815
590
108
550
47
606
24
673
555
244
770
128
932
425
493
329
344
510
794
684
307
376
887
576
822
707
371
718
604
899
834
457
291
152
191
475
465
313
296
954
949
853
97
363
3
623
783
107
625
66
710
63
399
729
686
227
972
558
21
571
364
998
709
317
21
812
953
960
810
357
424
408
826
55
389
431
665
813
791
882
851
644
3
427
408
521
385
633
8
869
765
312
916
935
294
243
267
724
247
203
174
721
992
130
376
14
684
101
839
582
704
949
486
80
613
733
675
737
265
956
575
284
637
875
27
673
782
880
251
346
2
777
965
143
423
58
908
189
504
433
434
662
280
432
303
684
681
841
898
246
974
533
902
83
223
927
539
845
552
737
325
148
231
450
805
420
753
255
379
454
895
205
761
779
202
226
603
777
273
261
545
708
88
495
179
773
526
441
961
744
114
273
722
171
715
331
714
302
579
392
856
186
17
575
703
32
599
17
310
525
182
889
786
640
385
701
568
496
69
792
773
273
280
240
807
934
611
958
961
394
706
42
308
324
729
740
521
616
892
915
268
331
913
705
633
577
734
429
440
832
533
71
623
612
499
560
325
902
184
704
753
490
515
673
91
69
443
833
958
959
42
937
947
657
712
21
300
316
835
562
897
9
467
28
885
533
16
968
731
565
688
296
831
724
743
498
291
26
213
8
740
394
232
948
408
583
238
506
81
642
74
524
216
476
683
863
199
120
93
211
327
412
661
704
438
544
38
923
967
346
665
513
63
836
767
181
568
7
539
660
623
897
469
3
409
810
786
423
251
640
733
767
858
289
678
649
345
770
517
607
904
358
813
287
137
984
252
220
804
911
369
633
550
474
551
726
86
850
380
636
870
703
73
774
397
758
82
747
704
103
492
931
622
824
663
760
242
946
315
832
474
736
314
186
700
475
275
790
396
749
131
252
240
44
228
411
839
309
222
367
451
760
727
710
766
52
820
691
523
62
415
272
603
101
553
347
722
394
968
472
205
587
524
362
806
614
589
125
202
57
491
607
956
881
437
761
528
95
397
358
792
428
466
44
623
705
300
87
492
937
198
591
182
132
665
815
705
169
171
630
231
935
78
532
292
569
1
447
134
437
803
982
77
509
26
10
912
229
684
127
785
644
422
589
224
52
943
522
114
991
991
843
291
794
211
131
482
692
363
995
167
911
684
943
363
351
446
830
897
684
835
784
419
792
566
257
653
511
488
260
257
165
863
121
794
357
565
79
767
528
105
989
21
773
126
737
560
970
14
17
630
453
616
50
901
826
477
969
906
638
56
279
214
222
886
943
147
934
407
336
816
385
595
396
407
677
465
566
380
605
400
612
690
15
724
829
347
295
396
889
697
153
158
619
926
755
822
531
454
833
582
786
485
560
816
547
292
892
16
310
706
247
292
350
40
23
697
934
941
942
130
581
103
241
116
51
651
481
235
395
660
425
132
241
436
302
828
626
860
619
251
237
577
30
625
391
903
597
26
898
250
572
786
917
275
268
243
603
314
253
177
730
201
628
430
853
975
600
855
816
292
654
792
739
449
864
355
330
420
697
357
950
470
683
314
895
290
419
895
493
930
69
807
859
386
445
260
219
835
776
185
367
640
702
978
924
72
405
273
845
690
901
662
811
689
668
789
385
734
128
588
195
867
38
386
577
987
205
534
654
470
631
115
370
862
158
910
842
911
573
641
487
554
622
585
913
605
832
805
702
167
925
808
943
763
438
236
269
355
250
322
501
385
158
76
644
212
666
765
957
246
184
616
230
399
816
761
214
163
750
945
394
638
458
407
304
679
706
404
426
928
26
250
222
927
150
298
804
808
19
35
331
828
721
372
368
651
687
280
265
870
18
691
18
721
530
973
694
234
714
825
750
467
800
430
242
153
769
411
237
28
788
697
871
374
47
646
340
460
569
461
977
713
853
273
1
356
380
701
22
461
782
14
202
578
586
394
884
806
191
197
2
150
285
183
143
673
99
505
898
274
945
56
322
88
869
799
154
994
239
874
84
290
241
802
358
62
8
427
613
698
305
332
921
664
2
984
183
455
677
407
330
3
368
907
839
559
706
461
316
762
348
311
428
661
598
539
644
337
316
748
718
403
411
654
513
949
327
670
819
86
258
3
305
127
854
715
505
810
758
903
972
613
531
540
147
987
543
223
248
606
287
119
984
846
128
310
537
553
506
55
324
546
308
205
548
152
760
144
579
587
387
755
175
63
536
141
729
455
333
723
856
538
142
424
760
393
549
952
860
680
394
733
481
145
893
589
656
764
945
973
154
965
568
586
588
305
41
955
321
645
106
767
773
515
692
50
782
918
187
485
415
877
125
18
687
86
757
780
307
673
720
173
771
766
461
752
555
16
33
508
630
82
673
402
985
914
919
225
759
359
97
756
230
77
87
816
177
368
96
648
972
748
853
409
899
54
104
603
734
52
426
55
452
175
340
780
381
600
807
809
335
141
686
683
485
375
623
579
695
360
162
398
218
200
737
895
822
411
964
639
2
990
895
359
577
775
371
607
563
210
216
64
166
333
59
454
534
633
829
65
353
200
922
677
624
708
348
88
539
561
782
916
193
515
971
292
964
307
617
363
130
422
40
708
974
515
396
266
466
281
863
802
640
54
157
22
805
428
796
763
392
645
868
706
457
621
612
364
407
626
710
936
36
404
85
108
844
372
847
788
572
518
81
91
859
892
890
982
347
172
907
13
17
295
354
317
194
601
718
898
700
2
837
647
552
224
463
988
121
774
883
643
196
209
934
907
596
342
81
273
348
431
714
431
473
681
46
590
564
805
373
348
545
458
602
768
359
895
558
225
989
810
40
833
624
433
804
796
898
166
23
309
584
879
662
692
798
622
815
659
457
605
182
442
537
862
469
879
349
896
286
723
281
75
652
753
803
490
123
798
572
132
901
274
423
218
985
716
675
711
969
46
562
730
40
394
271
365
923
266
56
388
17
805
630
406
826
896
292
207
404
221
752
456
448
842
591
29
101
756
891
675
225
287
493
353
979
15
1
840
957
490
333
944
864
276
722
321
439
97
430
782
830
466
414
50
182
325
717
899
538
515
236
565
810
146
598
342
880
450
447
970
505
980
346
663
37
771
519
167
741
634
869
664
935
470
980
724
325
680
247
847
150
828
189
494
647
904
294
515
836
770
57
143
867
647
310
546
973
789
756
873
250
164
380
362
24
932
721
569
39
776
41
889
357
195
846
172
439
342
513
810
350
653
831
895
457
621
712
690
754
34
861
807
903
611
920
193
223
757
776
370
698
731
580
170
494
530
911
953
990
170
480
155
559
918
95
481
85
337
493
500
727
382
301
843
465
973
459
581
871
263
260
415
337
717
690
688
154
686
514
119
674
106
356
889
145
501
557
756
869
908
615
641
810
249
469
379
483
605
807
287
339
66
349
147
769
353
86
365
140
676
201
182
672
695
9
726
981
23
348
747
765
714
627
521
820
697
193
997
85
48
739
302
173
80
792
755
218
191
461
932
751
225
800
842
266
294
52
385
621
947
84
877
644
124
354
150
744
584
306
927
617
495
104
915
875
647
999
827
642
463
947
493
284
722
618
74
227
677
949
530
577
475
555
162
773
633
653
229
576
481
905
750
575
580
144
424
843
216
418
816
840
150
878
954
664
675
302
490
239
486
492
979
586
768
665
866
472
782
313
585
783
383
297
595
615
422
45
980
510
983
832
806
604
571
465
3
459
330
60
595
167
683
580
423
381
687
15
759
1000
189
781
729
227
197
5
105
850
412
322
555
637
820
34
396
338
480
842
956
986
663
220
19
668
246
24
973
119
252
255
866
184
369
614
3
684
661
749
984
464
304
291
820
511
923
733
309
550
531
582
767
