#seed = 808
374
464
666
292
739
133
451
779
961
780
243
900
360
398
499
797
251
845
548
644
802
188
12
275
70
718
781
361
43
594
109
609
970
945
216
533
279
952
579
641
79
696
604
525
991
35
39
567
749
170
852
626
731
251
583
920
519
143
957
900
790
588
810
805
497
846
10
819
240
906
934
160
780
397
634
903
931
775
975
926
524
933
957
679
111
171
526
335
423
89
605
877
142
535
553
571
435
523
199
832
523
581
658
349
581
910
7
853
559
448
935
587
494
70
478
144
750
233
111
213
318
743
812
551
698
589
615
344
859
232
832
631
388
377
667
838
768
549
330
451
501
316
587
491
148
19
831
579
366
866
424
808
177
948
211
747
127
58
871
316
762
104
187
6
73
512
746
274
579
356
719
367
134
689
254
562
347
5
373
590
253
27
629
98
661
96
966
519
670
616
464
184
632
640
237
730
878
925
394
673
858
153
527
504
669
995
730
383
82
624
493
335
918
18
247
519
525
222
954
229
485
167
927
497
829
887
366
809
363
934
177
638
117
594
834
655
41
543
271
424
415
836
726
557
306
848
28
774
261
639
617
640
831
90
196
870
492
255
212
130
418
506
33
697
854
32
535
906
184
796
405
482
256
913
886
484
271
29
11
223
271
153
66
288
608
978
301
288
847
998
705
558
273
561
216
612
347
388
885
361
688
308
344
393
177
96
763
616
963
372
945
977
671
760
700
528
663
866
894
325
219
208
998
94
799
861
35
126
624
87
906
855
768
454
706
182
568
265
272
665
550
658
715
606
499
298
570
707
366
316
936
218
430
405
497
178
132
690
243
153
146
350
96
241
166
320
261
290
51
141
661
294
417
398
750
31
517
160
808
949
917
156
792
641
578
281
864
881
846
331
50
52
78
622
45
146
568
190
243
191
943
94
364
748
778
238
968
746
603
74
83
219
309
723
631
10
745
794
237
291
580
967
328
335
891
181
915
573
16
94
864
331
951
958
712
105
564
561
407
619
680
646
601
774
243
485
102
899
386
292
270
541
509
301
603
461
451
335
674
791
535
393
447
667
37
514
45
681
409
511
381
1
949
701
558
344
769
371
508
651
872
586
621
468
393
100
809
617
78
980
625
415
894
126
815
851
733
998
339
559
818
94
939
837
641
651
653
885
352
352
824
397
23
173
252
739
409
510
442
699
307
409
89
734
747
888
298
497
648
176
744
230
281
374
919
779
703
41
317
205
157
681
719
218
340
205
880
811
297
605
383
698
103
298
922
310
19
214
101
125
439
501
323
775
622
205
871
651
651
204
777
154
817
247
323
730
933
964
452
449
231
43
686
236
399
43
835
258
648
501
979
597
164
204
342
536
340
678
416
394
40
669
189
114
625
308
77
848
793
951
911
570
651
42
968
167
581
949
623
967
128
473
159
124
255
34
992
909
92
590
626
280
625
230
359
907
822
69
999
790
444
197
521
551
947
903
87
591
924
796
909
658
835
988
367
644
105
96
527
907
848
545
137
834
841
823
150
428
951
134
280
247
495
536
774
46
6
388
816
259
461
431
116
319
124
846
211
239
150
186
94
331
568
442
947
413
15
265
633
425
895
452
124
54
760
878
810
562
126
891
44
454
665
830
232
975
63
448
573
19
694
577
793
919
51
812
710
561
114
958
731
730
560
782
253
934
326
963
624
394
957
288
163
784
518
724
787
511
712
6
131
70
29
736
622
552
407
331
87
178
600
542
971
649
253
304
326
209
180
735
285
724
623
606
913
919
113
704
749
322
57
899
841
709
327
598
537
353
107
481
471
489
19
279
101
581
861
181
886
338
690
123
286
493
416
783
291
919
999
616
151
267
78
921
226
92
100
369
992
279
369
3
294
423
209
685
478
407
920
178
69
257
618
585
892
639
883
686
206
883
895
322
25
891
83
928
23
145
130
465
426
813
213
239
77
164
573
682
605
715
99
274
367
834
159
739
29
350
65
373
391
934
7
234
641
711
259
15
917
714
915
379
33
722
89
729
409
893
178
667
235
862
99
160
265
688
311
652
289
704
917
582
828
232
670
295
3
655
831
489
66
157
591
674
884
699
688
287
163
951
739
152
27
7
179
649
35
864
640
417
233
552
912
144
884
474
987
950
192
531
893
525
89
83
60
343
725
247
858
92
787
326
46
563
518
391
15
984
176
631
229
761
123
576
873
305
953
240
752
248
874
31
679
204
373
382
64
594
277
251
418
132
911
827
745
379
23
275
330
188
911
111
884
858
710
577
213
16
941
259
421
492
998
526
484
120
824
361
716
321
631
109
17
242
884
523
164
128
790
90
492
873
647
126
9
567
152
882
602
156
253
648
297
567
491
258
253
834
921
400
578
16
120
795
281
997
174
668
17
646
689
408
856
153
909
457
357
989
439
38
66
374
413
294
430
582
215
349
751
542
481
733
924
346
952
216
155
425
718
226
417
52
112
790
81
985
969
57
820
131
221
141
167
999
266
515
528
7
956
292
209
121
963
947
416
223
652
750
375
319
254
709
129
77
649
921
832
302
553
307
418
722
546
403
867
879
671
272
152
136
70
805
552
581
202
990
380
105
269
50
956
649
446
128
47
925
421
835
995
656
599
452
644
855
957
780
999
543
749
845
803
882
864
609
241
492
570
574
868
505
677
244
832
641
254
274
606
671
226
172
257
937
246
899
442
763
978
586
416
733
362
834
43
538
292
30
527
490
700
469
197
694
894
470
649
276
173
186
96
588
108
322
576
299
675
205
753
722
882
735
709
479
80
266
437
315
420
909
170
332
317
686
617
700
843
279
50
31
490
793
318
62
454
166
851
133
70
375
332
725
763
391
414
430
608
785
959
501
50
673
409
260
980
134
904
644
741
191
886
568
31
785
727
562
233
724
102
211
452
544
986
621
566
4
141
618
3
924
367
839
925
121
327
540
232
881
914
50
886
919
921
917
735
832
617
785
558
327
775
922
178
476
588
803
770
253
639
594
70
67
765
897
126
786
918
163
455
529
542
361
305
614
400
44
374
596
766
544
537
446
638
965
300
274
28
324
790
998
265
627
66
760
229
519
339
923
21
479
900
640
584
444
476
942
500
866
901
107
619
119
316
251
705
340
719
5
599
764
81
322
465
913
1000
806
950
62
564
547
105
572
193
343
767
801
586
856
771
463
600
49
235
761
450
209
716
541
860
325
540
467
429
973
97
963
357
321
517
779
457
416
58
229
360
947
190
846
618
269
320
479
13
863
809
158
550
201
255
335
522
477
932
993
862
60
901
732
356
959
986
246
901
766
331
669
377
785
452
899
341
841
318
907
313
53
332
604
172
512
971
860
375
525
656
104
230
760
364
917
998
562
252
792
336
667
955
783
893
791
896
88
855
147
691
714
662
472
339
198
455
562
564
365
972
294
834
160
751
879
753
200
215
406
832
394
854
712
155
562
876
552
819
473
795
260
680
949
637
570
173
457
510
45
867
170
380
229
46
814
544
152
552
398
238
460
124
721
354
124
588
531
475
70
537
826
102
256
888
746
495
666
305
65
589
579
903
661
827
625
847
951
617
37
762
770
263
82
888
425
157
304
856
324
175
981
12
39
562
640
939
23
772
340
675
299
548
568
815
145
10
793
559
736
247
536
13
275
684
53
206
611
863
870
455
912
472
52
288
139
402
563
297
388
172
198
198
131
485
845
992
376
582
566
751
285
103
112
226
997
555
919
178
690
980
348
919
240
454
913
877
57
687
266
792
118
500
174
754
131
822
728
799
178
918
243
61
239
804
286
600
314
101
326
225
742
562
460
181
551
551
146
12
290
494
770
664
690
300
436
130
522
571
423
698
635
223
191
986
823
531
956
887
561
455
677
255
200
945
171
372
384
956
494
278
245
816
35
891
563
940
852
200
731
332
892
634
179
839
748
193
781
318
383
185
769
127
532
653
455
408
184
241
963
894
681
580
489
995
860
726
655
300
313
901
917
528
235
597
380
350
506
831
344
656
332
810
799
188
105
4
689
758
649
383
343
206
693
419
622
261
470
744
742
12
871
327
553
458
487
144
889
580
402
89
358
781
658
451
320
388
772
706
209
199
788
42
241
687
203
761
698
574
853
534
146
239
789
112
664
996
911
55
714
180
895
600
607
541
363
790
925
674
75
312
71
805
4
614
737
396
635
62
131
120
490
515
824
525
517
595
733
302
744
138
382
446
528
196
617
136
375
902
32
406
783
939
689
997
415
84
228
750
364
649
23
799
69
984
254
939
851
283
903
212
449
635
576
909
301
995
468
199
35
809
51
521
535
918
418
487
442
154
78
506
176
187
954
401
500
213
731
286
92
721
326
270
890
35
594
148
776
942
953
376
824
287
346
675
866
483
263
999
908
323
875
368
143
792
865
716
164
697
283
713
388
969
380
765
74
142
80
762
114
217
873
116
490
72
825
764
219
945
668
672
964
511
456
623
23
561
800
964
934
527
625
269
740
795
493
73
926
777
280
40
573
421
979
199
419
303
646
822
951
828
642
470
201
920
366
81
79
238
56
725
316
642
681
157
738
182
125
372
751
26
719
614
74
384
120
274
851
537
196
692
221
862
34
903
97
912
23
742
915
935
336
814
90
729
295
912
5
440
328
176
26
945
249
954
600
88
93
309
597
24
155
73
126
101
488
659
939
892
105
918
556
399
589
136
43
753
853
117
604
352
469
385
797
379
917
286
236
188
816
205
975
495
278
26
302
751
851
692
39
77
1000
196
692
136
742
285
198
234
716
964
684
735
386
531
841
104
916
679
103
12
133
618
77
351
128
913
712
496
597
725
276
818
631
174
773
352
870
428
454
695
701
807
475
494
440
666
523
399
268
854
457
486
798
3
607
146
571
911
432
778
586
944
704
117
37
296
466
748
983
845
64
739
474
9
792
431
722
576
537
55
531
687
708
41
941
270
716
745
766
541
726
686
268
316
963
213
711
938
191
398
54
238
684
818
44
428
671
171
305
920
79
780
178
654
340
692
927
399
648
548
631
449
451
717
583
592
415
222
381
286
452
581
666
995
917
935
19
208
653
206
493
645
738
825
69
93
239
352
477
145
854
139
27
324
846
37
886
581
71
135
881
835
933
298
800
703
642
652
729
979
464
19
175
378
248
345
281
140
184
913
711
367
652
199
768
355
943
71
394
636
277
41
503
230
650
642
939
814
400
982
556
892
2
13
962
539
852
600
575
652
804
907
769
565
74
733
542
820
198
738
422
449
189
921
615
448
528
716
486
463
612
897
556
448
239
518
278
520
127
1
143
345
414
906
420
453
929
829
518
138
91
572
915
245
495
101
943
182
716
317
289
676
320
50
6
104
829
285
638
942
76
103
763
224
102
358
906
891
653
56
766
593
619
1
832
135
711
474
366
144
904
174
668
813
542
983
216
532
371
869
763
289
807
997
940
460
292
891
297
709
967
293
10
347
588
152
655
365
18
359
830
280
44
233
774
564
275
622
286
475
264
599
258
455
489
660
109
352
460
583
516
923
379
69
680
292
565
128
897
397
685
68
798
633
434
409
942
900
513
11
505
281
779
265
717
92
75
125
980
732
468
237
273
903
556
680
844
388
661
248
990
168
48
46
875
314
90
491
927
134
437
180
363
427
122
504
66
721
767
428
711
214
259
904
708
939
878
188
247
359
192
911
354
306
594
601
814
285
120
695
726
828
864
393
861
31
103
705
607
599
694
129
286
768
515
263
140
758
445
264
77
437
528
170
219
925
627
608
463
835
379
847
746
128
1
701
612
548
862
188
884
629
603
371
670
437
797
247
103
303
91
58
47
79
754
895
45
865
880
747
135
819
652
255
993
716
689
573
442
30
846
184
12
38
773
215
519
41
315
480
595
241
172
18
779
128
836
13
933
773
223
439
481
935
650
193
483
317
702
649
393
684
402
277
683
703
81
581
852
414
405
974
229
213
995
435
633
214
130
850
273
235
647
261
629
100
382
984
30
452
467
300
857
1000
985
621
499
719
523
390
69
375
25
536
738
363
327
655
790
502
531
200
46
371
873
849
600
626
748
997
422
14
295
195
472
13
740
402
325
938
280
564
27
868
150
413
894
429
810
478
676
361
266
467
217
6
703
244
265
283
293
263
13
844
683
220
236
548
368
524
59
924
947
880
933
183
104
556
347
723
670
611
861
639
293
729
651
257
881
306
31
567
316
261
930
912
974
36
17
40
837
666
631
977
408
34
79
575
720
681
910
255
991
921
279
71
571
663
543
963
879
425
304
324
64
229
667
843
348
188
672
739
95
229
93
702
541
38
370
535
40
165
343
803
177
492
136
287
43
489
561
812
722
736
407
137
436
622
353
29
782
920
637
764
243
805
464
640
817
109
416
607
997
502
729
795
529
518
31
314
739
619
791
241
32
503
627
33
185
68
417
963
988
297
441
598
215
742
840
73
631
553
287
111
280
396
774
932
952
488
386
152
701
260
632
249
339
622
364
328
186
467
365
38
598
946
5
669
802
500
526
78
782
206
226
598
128
192
703
800
75
562
103
116
688
776
191
547
930
49
926
243
412
975
988
139
92
292
285
777
931
201
638
397
821
180
688
57
901
20
116
299
388
594
509
267
356
575
671
42
823
793
412
556
342
536
187
169
987
525
164
739
98
518
77
579
737
968
526
771
132
67
981
64
561
730
448
817
137
674
794
564
945
193
927
503
42
128
291
863
713
268
763
346
700
539
827
958
580
950
243
630
367
603
653
897
537
795
294
89
669
333
146
470
977
454
647
843
451
23
477
673
807
298
836
266
939
79
269
208
172
286
296
348
209
671
49
189
763
945
14
599
161
15
680
389
851
372
770
421
826
317
202
470
365
923
698
468
98
506
814
99
598
273
558
174
940
519
993
842
394
504
620
956
195
763
424
493
969
750
126
483
426
673
909
28
161
760
95
683
565
799
325
912
506
512
441
287
552
875
546
20
759
947
369
569
553
212
497
949
49
236
580
6
733
223
142
418
927
911
416
973
770
421
538
641
189
970
125
40
631
918
273
469
233
436
598
561
753
323
439
155
136
626
47
94
293
445
520
692
446
314
730
139
692
324
402
211
723
499
978
876
1
18
801
501
689
105
264
867
244
311
1
636
497
196
442
453
903
348
646
955
952
611
413
130
8
569
863
324
699
329
481
384
238
556
696
35
998
324
936
910
34
696
219
225
868
80
819
650
878
122
33
24
586
953
295
878
585
738
233
745
727
126
435
908
285
683
69
274
675
652
620
973
445
842
40
388
398
384
846
45
955
851
412
452
537
61
867
99
686
246
425
349
737
341
19
782
601
548
461
981
185
742
708
559
220
331
454
121
653
501
615
190
257
302
814
818
860
825
190
493
495
199
245
615
22
404
402
199
18
43
723
555
908
667
188
505
672
382
931
949
206
890
473
698
480
425
149
389
364
184
30
842
84
378
488
588
841
382
617
916
945
142
868
884
520
816
887
129
454
366
30
583
345
78
691
665
357
995
1000
89
826
288
832
977
835
705
673
380
634
518
859
69
256
965
868
912
31
387
349
620
965
629
724
139
934
230
130
809
175
972
608
773
597
566
239
653
592
702
726
238
80
185
420
662
245
139
674
74
72
247
526
763
445
748
329
726
665
279
579
993
692
149
615
545
9
972
42
362
808
515
533
551
442
401
648
836
546
679
735
491
341
91
321
121
661
890
166
295
761
652
521
140
760
634
913
418
937
661
666
4
694
813
150
889
301
347
323
284
466
657
644
666
957
913
112
960
229
672
332
69
921
628
421
673
585
114
166
248
592
377
159
886
496
946
307
635
987
974
137
44
6
844
685
312
923
174
28
950
120
685
558
994
481
26
915
826
157
982
290
920
22
164
907
919
193
723
203
727
319
103
382
436
451
895
348
250
460
569
666
71
251
149
783
969
572
913
277
97
210
859
1000
916
675
39
913
953
799
378
171
391
352
593
187
372
598
850
985
844
309
416
663
233
854
16
158
165
552
94
973
238
584
224
376
159
291
160
179
532
188
82
364
288
775
901
62
740
89
99
700
654
975
177
50
412
475
892
960
982
317
880
852
403
570
537
231
54
825
734
793
8
48
171
431
32
601
498
21
700
838
890
567
562
42
131
965
929
948
564
543
622
439
803
251
348
868
355
613
82
207
515
291
470
95
281
475
863
525
710
973
895
483
656
599
780
622
345
684
159
132
654
504
249
440
790
362
847
756
497
498
396
571
513
751
754
481
504
424
111
700
916
235
357
771
67
591
388
914
882
846
408
901
529
174
203
347
303
658
996
725
632
324
568
379
662
14
112
142
246
194
248
795
969
822
169
689
295
629
120
773
709
958
610
831
681
957
309
553
461
757
869
799
360
621
421
162
318
211
281
404
561
932
822
540
288
25
46
376
174
127
972
246
774
377
408
225
518
464
366
390
593
930
135
126
180
459
45
928
879
207
65
227
438
819
305
878
430
420
852
255
472
101
717
265
28
685
590
510
257
48
318
758
437
243
642
521
707
780
859
431
677
513
65
51
338
734
854
429
31
455
539
984
901
285
953
381
357
323
552
733
880
970
115
146
261
689
528
559
430
560
852
477
193
917
488
118
645
612
438
383
433
195
289
182
756
443
946
417
39
438
72
280
617
255
902
240
285
633
914
100
589
698
458
417
771
814
114
301
152
417
372
973
637
706
675
964
265
537
170
851
142
376
269
578
540
614
104
114
190
211
481
258
1000
343
729
241
992
36
590
643
287
25
362
327
224
171
404
656
702
118
195
798
995
187
204
337
368
484
809
147
618
49
988
500
767
227
726
695
108
707
656
61
245
94
787
868
709
28
771
309
764
398
614
234
408
22
542
468
337
722
301
100
548
975
448
699
328
431
71
831
83
322
484
600
188
677
849
266
181
427
143
68
685
767
427
677
872
637
912
76
487
844
301
955
375
879
655
466
965
7
627
342
805
729
62
809
871
166
8
720
514
8
701
22
389
500
897
305
595
610
487
736
879
916
570
712
526
861
461
276
492
142
404
991
391
804
414
867
403
155
1000
678
185
716
24
193
692
191
901
310
853
761
154
792
801
761
693
491
744
219
667
253
539
587
148
547
261
992
300
309
31
33
551
321
844
330
122
537
25
915
960
166
650
378
881
825
833
287
202
627
199
2
270
482
965
395
273
676
760
68
821
58
789
595
896
977
269
387
185
973
334
811
62
140
770
116
71
64
175
146
625
490
49
162
917
744
280
478
313
103
470
828
968
215
218
635
119
747
996
86
83
642
93
380
277
582
472
37
161
311
883
11
535
759
365
304
15
488
740
195
559
129
376
837
31
621
773
391
813
559
209
495
374
914
730
340
903
554
168
517
55
402
444
732
869
342
323
520
5
13
540
855
818
115
333
395
478
686
935
754
699
321
964
163
119
296
39
648
747
631
687
778
841
929
353
376
40
865
738
513
838
973
925
455
669
552
520
823
213
470
299
87
591
296
98
959
929
948
318
726
826
6
57
148
560
971
179
62
652
988
896
109
566
110
586
694
100
50
527
548
416
682
460
303
981
739
905
434
27
444
354
846
202
719
807
850
28
33
2
935
624
87
747
502
138
548
870
833
340
692
719
559
370
867
819
853
159
687
396
937
806
160
242
185
348
101
651
283
135
731
428
136
775
54
768
383
592
566
564
67
69
168
620
186
164
877
826
695
133
698
615
100
932
630
492
653
93
808
280
112
569
985
474
260
162
676
723
95
629
644
942
634
65
423
700
241
299
884
335
717
740
119
553
523
811
715
624
320
48
418
66
453
725
228
755
138
731
871
68
158
762
193
368
417
257
482
28
568
386
429
251
675
730
940
489
507
829
634
488
590
835
736
395
43
23
547
494
733
327
596
739
663
292
234
757
373
715
120
18
956
482
67
179
777
693
781
101
936
763
282
728
541
494
231
977
78
679
826
616
523
912
127
612
92
581
993
268
421
660
526
760
703
387
607
119
538
730
258
258
428
225
701
761
821
85
783
950
410
128
884
417
279
608
804
975
995
880
574
6
584
746
684
805
965
375
976
556
870
841
460
922
976
824
566
915
892
862
591
414
695
404
127
294
945
385
714
955
25
282
860
904
811
842
456
111
723
37
588
844
839
751
691
815
692
138
59
254
892
967
800
861
705
686
96
713
152
322
986
848
298
688
265
967
418
923
700
289
203
411
636
52
903
135
308
202
457
930
331
661
711
45
61
482
605
393
790
345
642
954
921
84
85
777
555
290
423
993
854
802
856
377
540
454
909
200
77
454
941
140
790
700
117
855
299
877
692
160
403
423
488
994
214
783
746
574
255
356
655
838
680
797
724
946
742
117
831
272
736
482
455
303
901
822
772
324
424
655
456
734
728
764
120
890
132
487
572
184
12
560
48
323
318
640
655
115
445
844
980
602
696
671
515
382
780
530
839
388
573
961
424
795
471
448
636
584
512
687
208
595
632
753
902
570
559
914
8
561
474
81
373
538
726
301
453
682
758
801
650
40
176
175
692
583
912
917
759
471
925
412
195
830
688
941
628
486
853
738
955
59
378
33
146
721
444
466
148
328
749
512
84
303
376
40
712
15
724
403
3
122
499
806
93
593
981
186
639
619
851
711
891
777
1000
340
576
642
476
906
456
891
902
71
117
657
636
608
819
613
983
872
545
107
653
820
561
121
238
967
171
152
341
82
432
671
536
501
697
542
20
354
810
473
330
474
700
216
798
815
521
940
138
613
792
546
553
242
729
628
33
89
949
864
831
466
537
511
169
254
649
175
918
143
551
486
279
24
471
851
965
94
289
640
470
223
718
448
401
798
53
615
618
350
813
213
65
234
574
530
931
315
722
632
554
98
477
352
667
768
325
899
948
678
131
503
796
796
118
39
90
750
77
893
791
322
261
558
862
327
743
383
27
46
170
574
611
573
463
255
40
662
366
919
686
664
878
676
983
818
763
529
587
359
522
989
863
883
202
327
84
261
264
408
216
735
777
417
837
192
743
499
559
568
856
98
663
365
281
515
548
352
617
91
336
713
772
676
552
995
544
615
873
674
594
477
993
767
60
581
566
304
286
372
765
155
589
500
172
399
990
839
452
139
629
114
711
827
241
442
704
285
986
130
1
203
951
919
697
178
519
557
779
730
822
224
855
876
591
103
284
940
784
929
203
737
116
951
71
977
914
237
418
432
873
734
931
445
109
787
457
727
686
878
95
247
62
989
729
872
650
289
120
584
918
482
421
149
621
386
316
551
540
355
222
41
617
242
295
992
588
319
573
550
76
83
411
878
268
396
61
721
833
378
609
930
85
630
790
