#seed = 101
596
868
200
931
989
553
947
368
479
50
680
516
220
617
228
940
296
498
710
802
218
337
995
449
73
262
198
165
91
456
789
551
376
197
484
806
334
245
653
811
414
433
214
65
441
479
312
217
114
668
844
640
697
337
681
880
904
274
405
802
389
235
434
79
415
763
685
429
7
893
476
222
548
97
354
815
23
380
722
369
10
269
578
840
158
36
443
186
285
68
782
155
415
702
746
848
372
918
669
583
487
171
511
865
897
523
319
890
891
186
708
544
700
894
7
977
87
68
33
590
355
548
969
719
897
453
859
837
122
693
723
625
794
620
829
472
812
653
144
703
184
947
812
206
756
956
914
561
458
999
911
992
143
84
981
154
906
320
346
385
70
62
562
564
706
359
475
59
198
286
696
845
336
93
287
960
158
257
478
210
436
115
537
820
923
983
327
251
98
288
669
909
181
13
15
649
405
878
628
470
672
584
46
824
345
245
810
280
483
677
201
566
608
549
323
343
19
960
137
296
354
696
374
916
413
411
654
56
763
226
529
68
222
152
681
124
150
351
125
379
25
459
881
682
208
693
688
704
843
374
526
679
642
564
214
131
470
559
570
326
308
693
309
753
262
247
904
446
209
466
998
305
770
42
252
51
593
351
758
900
450
450
683
53
276
567
728
210
974
35
792
922
477
999
634
945
861
60
14
422
950
463
684
281
789
632
978
147
500
766
825
879
652
64
37
709
891
273
619
654
125
708
89
640
818
461
348
533
748
75
151
481
731
999
428
112
272
7
245
366
222
660
816
545
99
238
752
197
667
162
177
748
939
602
802
681
758
922
197
460
141
39
194
918
529
965
733
814
941
700
524
902
233
108
607
541
958
13
341
924
954
521
926
132
591
676
493
930
132
113
114
42
460
627
585
730
895
628
617
94
282
413
772
138
717
62
120
296
701
544
64
99
305
296
241
170
741
848
398
672
572
389
156
816
874
899
942
726
774
726
959
649
341
714
34
246
313
399
920
248
481
250
206
418
155
613
169
508
450
499
948
199
906
281
776
28
775
930
196
338
797
40
230
320
539
271
35
775
914
385
132
261
607
842
679
741
660
972
699
632
379
794
812
923
961
470
632
957
271
871
57
465
688
310
94
181
678
22
381
494
875
994
46
873
970
394
45
363
59
238
3
390
129
501
401
856
107
939
752
191
431
705
677
815
764
745
449
277
378
995
842
746
220
701
611
292
875
407
142
777
169
529
680
500
305
942
237
431
900
880
539
48
56
544
110
731
725
11
771
714
502
293
468
641
382
639
296
140
374
967
492
249
792
140
789
454
761
66
398
104
637
780
494
100
555
63
907
694
465
279
835
355
851
392
169
781
79
569
804
240
888
774
874
732
552
523
785
981
428
758
429
782
178
934
712
56
384
759
855
599
106
14
175
262
840
734
163
542
130
576
740
295
542
581
596
900
694
253
566
577
749
707
90
198
144
53
573
193
847
488
123
621
151
494
512
994
313
189
144
191
163
512
435
493
812
61
176
368
826
908
77
584
257
184
685
5
8
330
39
159
274
236
958
909
649
164
738
885
933
420
252
654
884
204
329
151
792
949
595
343
359
963
908
875
713
394
327
232
588
309
302
981
293
529
961
433
999
810
162
677
939
150
731
12
387
111
541
447
844
909
799
895
185
257
217
457
506
948
592
215
129
108
83
425
923
698
822
894
406
898
799
12
311
180
633
132
514
611
766
416
63
945
727
631
363
630
84
704
182
210
808
917
570
882
689
843
316
802
1
177
933
55
396
374
735
517
206
815
890
657
878
854
714
542
496
717
155
237
829
372
177
13
508
477
777
913
651
685
242
317
901
452
329
71
431
685
449
364
719
939
40
713
654
357
500
41
821
75
375
356
586
336
991
71
60
84
812
838
480
387
308
229
282
818
223
179
864
550
208
927
986
139
529
528
293
275
802
887
596
106
906
728
148
366
709
632
29
957
188
626
425
686
321
610
290
383
583
346
765
150
426
688
521
531
801
914
232
445
63
25
316
380
846
201
241
780
339
801
175
77
998
699
898
317
84
316
552
280
156
355
19
751
227
247
720
35
542
7
295
648
594
409
85
472
351
777
101
411
845
917
392
397
733
973
344
745
426
72
590
111
266
315
561
481
791
744
76
429
204
158
21
231
501
164
113
88
534
811
165
934
539
607
289
194
768
390
836
934
983
868
475
78
911
165
883
291
344
891
698
982
931
162
89
770
205
704
657
632
761
729
877
285
42
855
959
740
721
188
358
990
622
751
667
58
416
34
686
174
432
679
544
740
857
954
46
905
560
210
134
199
496
87
748
400
155
434
181
390
865
841
539
628
339
824
513
884
81
784
101
527
30
420
153
549
668
471
681
685
676
873
162
693
765
261
539
578
564
467
726
126
187
109
686
462
188
964
205
720
230
58
534
939
819
743
655
619
733
7
133
318
209
342
244
495
85
126
50
645
219
627
772
656
255
507
870
571
459
116
967
847
890
716
872
369
786
67
249
326
301
183
53
621
805
456
881
185
960
281
615
77
819
11
866
40
124
729
70
75
898
144
994
643
734
726
635
808
406
933
879
852
292
650
56
642
823
789
63
917
734
132
666
570
113
509
448
658
279
785
827
116
796
501
338
779
158
736
351
833
451
592
621
742
971
244
329
582
152
187
642
456
436
969
759
258
679
38
561
647
836
234
201
821
802
39
187
457
492
336
570
913
557
297
115
832
471
994
288
364
284
260
432
251
424
350
212
611
703
347
954
19
971
538
185
328
238
106
417
774
609
539
710
800
604
514
505
183
664
985
824
343
258
243
786
538
37
21
971
860
719
376
948
224
434
532
729
112
257
948
868
183
474
10
750
287
143
681
814
551
405
827
578
701
800
293
966
549
68
563
109
831
296
733
137
587
566
738
5
186
907
509
82
253
18
371
272
789
272
806
705
999
993
505
70
232
503
803
476
954
643
422
153
201
980
909
283
559
593
419
655
576
656
902
713
633
650
350
705
976
181
421
983
500
690
117
251
908
376
887
387
521
477
829
883
97
27
282
443
491
326
967
890
379
715
620
594
501
736
184
801
329
136
727
941
687
608
782
126
315
155
629
819
973
576
573
950
668
881
563
559
429
765
781
487
259
314
907
532
866
122
557
46
486
63
239
384
333
633
751
885
232
769
864
988
467
262
919
875
275
329
464
384
728
557
988
855
476
843
60
530
376
546
581
386
700
992
158
434
292
376
171
596
526
660
403
508
327
496
521
772
775
631
734
752
544
414
81
949
721
120
7
74
934
99
230
493
228
333
802
204
61
8
761
807
228
60
249
647
282
990
508
259
899
604
261
906
888
449
75
942
369
36
140
587
547
797
48
506
150
850
653
70
859
424
491
414
708
780
893
139
639
544
48
768
212
626
175
119
720
163
553
996
315
514
561
204
858
843
802
304
430
653
240
180
69
421
227
629
509
971
624
647
154
491
468
900
378
327
900
799
306
563
858
171
660
748
959
932
287
354
279
645
499
529
267
515
617
203
976
776
545
496
198
428
55
421
645
73
458
84
10
937
377
841
818
769
642
457
343
413
984
229
288
28
294
233
18
625
349
207
218
998
823
946
925
817
505
610
988
759
590
991
645
228
528
608
815
71
924
298
514
364
490
741
813
773
862
193
674
632
165
179
133
49
373
47
514
362
336
371
876
128
99
148
371
654
598
913
132
226
525
740
192
424
443
11
704
956
656
114
964
493
983
18
876
291
985
362
768
389
819
534
544
991
580
628
436
462
209
854
856
467
939
717
929
458
764
766
101
97
586
178
458
715
972
759
973
370
946
43
192
628
333
108
457
397
283
828
612
820
732
842
608
108
709
750
47
31
739
95
762
738
792
139
880
417
841
680
780
406
954
746
67
233
82
999
723
851
121
358
823
252
426
623
772
101
109
343
564
731
736
352
756
426
185
81
247
785
869
38
809
773
522
721
20
525
736
188
774
441
664
12
997
554
649
815
836
707
254
295
296
363
936
755
111
796
639
236
703
107
625
414
398
13
362
268
945
253
144
201
92
561
766
463
15
518
395
676
574
113
695
690
264
230
653
399
673
993
840
89
483
343
955
358
462
272
939
610
407
707
745
522
299
353
643
522
769
495
64
449
793
882
86
445
809
877
147
246
3
323
301
270
552
623
232
358
834
842
197
390
560
797
116
324
335
544
879
602
7
360
683
805
926
642
937
568
434
679
838
235
336
329
19
897
312
710
318
477
696
645
966
942
726
141
124
328
401
556
404
303
573
628
305
153
476
4
908
493
114
892
90
969
544
73
17
52
373
358
255
380
790
19
189
159
538
737
890
118
692
677
402
601
194
454
969
209
787
97
706
46
263
342
247
125
894
245
852
252
853
532
312
634
733
258
835
418
918
714
731
995
68
828
55
142
290
927
818
573
345
416
51
893
480
859
167
838
423
347
724
658
515
959
556
285
525
609
986
750
951
458
524
523
122
974
714
343
149
978
10
822
97
225
451
832
878
291
510
740
799
942
544
968
741
442
532
355
750
365
770
276
512
815
862
805
851
811
849
692
996
813
251
589
382
680
241
709
797
411
491
39
504
889
256
906
181
332
543
442
785
115
377
956
75
79
971
444
171
27
576
882
270
715
790
703
591
414
704
51
928
843
91
767
277
157
118
195
484
242
75
203
654
744
621
507
737
834
848
571
68
343
41
370
456
517
533
504
729
678
344
87
960
447
547
73
501
285
694
946
933
358
757
172
912
999
188
741
112
407
25
52
615
459
745
192
200
568
618
6
214
470
607
476
972
895
940
284
680
63
851
250
937
548
426
349
16
457
783
528
783
934
95
363
70
418
379
330
983
567
156
163
857
528
996
529
742
820
408
563
609
943
291
345
959
488
684
360
555
3
890
741
121
717
355
987
54
441
880
634
791
968
920
320
148
230
269
487
754
891
693
629
102
340
39
800
991
797
738
466
385
677
481
898
170
936
297
984
118
95
399
960
895
795
49
380
109
777
37
561
159
654
847
586
573
430
983
971
111
784
815
413
27
551
672
287
482
133
248
284
496
876
960
234
508
275
596
40
981
586
268
768
195
203
731
423
96
566
824
546
737
892
40
531
808
340
221
277
97
562
770
238
954
945
371
921
297
629
515
58
804
820
996
178
696
18
393
636
479
715
889
398
276
29
386
691
194
873
808
834
245
103
796
735
970
960
312
477
339
230
289
252
873
358
463
441
875
487
401
749
768
354
978
45
497
563
186
896
903
934
986
763
416
793
903
118
481
991
351
912
98
466
632
334
240
941
262
418
282
211
165
93
2
391
325
336
120
407
772
293
417
822
246
701
124
251
321
706
149
615
96
996
712
729
512
279
331
181
904
432
544
335
302
233
303
814
21
310
249
531
976
372
106
651
522
181
708
370
591
282
269
595
619
587
334
883
962
680
657
5
415
769
106
866
76
949
649
234
629
599
860
190
940
640
659
747
37
887
500
535
587
577
567
303
244
99
82
435
833
186
437
703
124
244
583
392
193
13
707
316
852
866
354
118
973
518
704
758
612
966
708
660
510
49
345
776
606
872
864
668
809
845
735
533
771
633
445
992
59
426
223
476
482
194
517
854
728
375
446
703
778
346
299
123
388
358
181
410
500
898
150
578
629
102
459
879
196
977
270
303
604
95
329
696
1000
577
991
47
402
598
709
528
255
101
178
705
802
950
957
604
249
922
313
394
643
56
156
426
213
387
503
246
448
191
278
911
505
458
286
105
416
742
803
422
603
602
450
468
24
990
657
993
259
898
846
773
756
441
459
532
219
133
182
975
639
180
719
75
68
640
752
109
115
763
664
313
435
757
961
563
415
138
674
529
740
683
540
3
270
136
466
383
760
606
246
417
16
415
789
683
351
248
397
304
183
480
146
958
436
414
297
75
56
236
812
534
826
1000
508
660
938
546
930
243
752
344
554
897
37
588
379
660
699
714
159
745
359
291
71
243
535
378
83
495
32
231
641
36
595
942
384
365
816
503
195
297
443
968
343
671
213
881
765
237
450
782
210
449
17
254
661
265
105
358
976
442
147
826
403
451
162
146
903
793
388
82
409
842
270
230
208
280
251
35
152
81
414
885
135
814
158
456
587
849
478
287
56
438
82
411
890
368
22
532
490
495
736
985
782
290
385
180
441
715
574
713
158
830
72
207
43
19
781
835
162
559
111
792
770
666
688
487
452
120
139
308
926
473
243
101
129
855
756
672
237
995
487
915
403
451
355
786
912
160
712
692
423
332
546
193
633
738
845
961
432
559
961
804
495
392
990
366
867
725
435
686
78
12
998
217
180
695
237
517
501
148
422
366
81
949
802
128
949
4
874
64
454
569
503
981
363
986
934
577
822
156
880
119
137
899
118
796
443
641
787
976
933
561
439
751
652
411
706
1
558
925
954
473
258
57
137
827
966
132
425
274
589
844
425
701
649
959
663
889
834
352
306
385
38
162
449
819
434
875
441
364
824
649
628
663
821
506
437
691
413
560
203
371
908
513
145
873
32
278
617
91
346
982
588
175
97
196
355
298
911
990
376
568
209
846
727
734
835
835
270
17
709
106
683
659
611
787
335
800
128
392
623
385
242
930
824
800
93
349
31
732
696
80
750
793
711
293
990
145
852
612
71
554
602
602
205
233
266
870
611
670
105
26
679
933
256
985
86
251
683
69
596
481
124
137
219
900
387
439
879
565
179
486
215
842
20
454
361
133
82
669
469
34
464
834
224
353
373
835
566
986
720
186
935
873
128
85
914
975
437
345
157
898
338
853
254
259
877
298
11
241
218
916
554
800
224
841
883
981
95
578
946
916
682
211
882
906
508
948
56
721
835
695
395
396
581
767
255
135
785
244
55
327
74
170
664
888
109
666
697
335
678
763
502
782
541
321
506
776
62
763
371
806
806
833
28
405
416
989
435
156
446
774
44
608
930
919
84
415
651
428
340
291
425
659
326
839
54
732
711
20
448
346
339
8
45
293
148
213
298
224
757
145
385
200
618
966
381
55
699
811
742
857
373
816
499
143
683
908
248
285
824
806
953
478
320
693
812
315
451
298
22
153
570
797
117
997
901
187
744
479
535
819
882
464
948
347
279
591
927
793
570
47
292
231
397
984
881
467
400
949
439
528
817
927
238
935
156
738
920
857
619
888
179
562
813
327
969
785
21
936
681
859
343
619
314
275
759
849
139
400
149
282
732
965
274
892
793
481
753
859
313
409
341
232
487
449
267
718
557
44
504
476
867
575
1000
932
11
936
887
196
901
250
374
341
23
239
261
63
78
624
180
722
813
41
243
937
179
651
764
705
394
410
307
885
985
816
548
409
888
564
306
912
435
624
397
67
405
31
815
871
240
723
912
484
37
584
750
470
279
63
757
693
217
59
237
242
487
811
418
988
651
678
831
397
458
684
532
267
587
181
703
107
234
772
347
34
871
677
368
343
547
929
877
353
591
172
937
556
487
917
314
228
501
572
447
608
776
947
760
869
292
441
547
327
732
83
51
79
114
838
125
488
128
699
426
970
581
659
878
845
465
693
211
338
764
411
428
725
168
232
856
356
935
48
236
61
720
110
741
862
402
515
428
574
926
441
52
649
278
216
544
11
229
503
835
573
988
721
417
35
483
419
994
377
653
367
650
557
446
714
651
737
428
152
780
388
117
487
925
797
618
441
969
859
509
975
787
728
400
163
996
311
168
629
264
289
966
543
151
200
149
44
826
738
872
31
721
321
253
994
247
863
708
276
932
64
132
332
440
876
36
557
993
254
76
265
859
202
693
26
202
162
451
896
800
75
447
653
34
14
816
353
388
835
88
353
15
907
553
795
623
959
308
276
820
856
675
319
635
273
346
615
971
961
888
470
513
707
289
194
793
571
710
850
180
602
824
597
95
218
609
502
414
901
956
702
357
878
311
813
422
678
596
601
178
239
547
245
236
824
743
115
122
659
93
580
876
658
297
588
88
821
78
54
752
28
961
618
394
147
709
997
927
546
112
352
582
969
909
394
847
740
245
336
419
46
267
739
621
737
311
649
950
748
755
996
27
534
599
977
645
462
721
419
461
57
888
496
427
248
370
81
20
374
12
444
519
660
621
887
568
749
909
526
105
315
392
118
387
185
913
770
572
631
94
952
699
205
230
505
118
512
579
254
860
127
124
863
361
788
492
56
802
872
759
81
959
19
955
759
892
959
235
740
713
286
68
235
523
385
658
783
641
17
101
191
670
886
391
42
820
716
863
160
77
906
246
563
36
818
778
184
756
592
597
941
612
303
738
768
290
912
285
140
312
990
954
638
340
201
534
878
447
350
266
281
510
34
300
33
340
446
251
704
654
866
369
530
256
945
326
345
847
824
203
248
447
21
56
832
704
130
673
855
721
531
167
181
427
623
173
89
976
341
675
845
856
619
922
642
19
458
830
667
311
22
49
879
759
109
960
568
108
713
914
779
918
918
114
618
315
20
552
42
642
582
237
422
335
633
3
616
737
69
265
154
317
694
799
989
398
768
105
301
138
685
396
541
414
342
672
771
460
294
20
755
362
913
804
185
883
718
533
775
884
493
50
938
221
453
709
485
806
963
258
245
114
4
272
511
27
287
168
551
977
214
427
706
505
102
611
784
34
895
239
647
705
438
677
351
623
826
181
771
177
299
103
1000
289
129
995
63
49
998
276
644
747
700
386
781
233
433
230
258
381
582
798
130
655
352
952
424
837
369
907
664
4
990
838
565
943
233
253
281
98
732
412
485
191
39
99
382
953
510
927
43
116
152
298
276
598
88
289
894
542
409
676
151
89
807
37
202
340
354
933
886
57
597
955
183
818
29
585
596
5
951
377
384
270
137
417
535
126
981
647
462
334
191
293
773
359
756
892
505
451
469
748
30
241
869
22
340
794
220
680
946
515
593
953
129
392
675
568
532
806
591
581
595
826
781
354
973
756
823
469
541
849
396
531
302
208
53
884
516
945
133
714
9
263
92
282
574
89
462
566
940
412
468
50
830
548
30
315
333
623
746
628
230
673
499
568
789
443
64
916
767
389
139
452
600
905
3
64
371
264
785
632
817
189
577
959
130
864
632
721
962
734
254
585
335
85
346
675
456
384
92
282
42
200
920
294
294
827
244
15
287
575
491
298
505
448
587
667
426
981
701
524
370
203
248
321
288
902
793
744
366
626
186
101
600
16
626
504
150
332
276
308
891
826
143
697
42
695
860
404
867
846
780
306
703
808
749
136
622
54
303
671
821
303
957
443
265
125
668
495
549
215
307
406
781
412
461
166
949
904
732
155
620
739
628
407
645
364
117
549
753
85
902
248
279
623
594
124
506
639
217
34
950
348
937
810
756
517
344
340
932
783
268
721
418
87
703
567
119
817
815
969
772
853
597
658
936
174
883
749
313
792
342
851
391
747
872
871
432
174
739
865
68
679
584
853
1
726
321
268
756
591
905
591
517
869
688
503
258
945
644
749
182
914
55
13
934
314
870
707
464
851
348
709
416
355
658
185
505
499
537
210
199
262
455
692
166
759
948
132
565
407
153
736
846
960
242
110
793
934
321
134
257
762
697
350
36
513
529
886
8
142
149
16
724
460
747
246
959
799
318
741
107
160
537
86
456
845
101
175
113
279
319
767
486
485
120
518
478
237
653
338
191
656
913
905
940
892
803
584
13
663
553
315
395
927
61
241
512
290
427
203
298
759
329
124
656
405
841
387
767
647
554
552
44
160
402
898
589
911
723
834
884
896
666
391
536
296
902
910
152
173
739
364
655
130
86
319
226
466
63
823
699
652
729
138
739
242
619
720
892
450
74
32
622
750
396
514
356
406
272
320
637
46
986
828
819
497
533
282
454
22
212
508
279
514
312
553
657
225
560
298
604
456
619
555
82
588
329
355
685
338
483
376
144
214
182
20
542
633
820
303
842
710
421
866
965
458
701
392
112
850
937
472
582
333
952
161
419
346
935
419
878
490
182
327
464
644
396
390
255
932
193
726
370
867
786
540
384
391
884
937
538
638
612
815
899
583
678
376
822
700
49
878
470
558
102
299
684
744
318
668
659
814
382
102
614
289
185
162
988
376
70
331
734
569
509
138
945
781
700
44
749
922
161
621
423
754
557
133
809
87
573
595
583
29
993
260
966
586
241
1000
870
66
901
865
403
955
212
494
115
754
251
455
447
205
884
694
556
144
679
197
967
709
512
328
215
349
639
522
405
568
967
314
153
445
635
640
957
132
482
218
72
949
698
541
357
548
695
1
330
784
186
142
610
812
611
382
461
699
416
441
387
53
243
996
276
842
965
430
897
587
89
7
125
606
440
6
200
68
349
649
146
156
889
627
945
262
472
947
389
169
845
956
449
679
751
75
907
254
156
490
764
741
169
236
670
196
855
953
516
324
428
47
228
822
671
562
722
602
338
959
822
934
852
683
524
270
692
761
421
954
933
786
785
127
727
553
851
29
287
377
844
618
175
90
932
527
509
519
357
879
567
160
357
317
566
873
739
329
175
918
661
542
190
789
822
247
236
257
522
124
614
231
692
555
684
781
281
409
989
983
815
133
139
435
265
374
339
719
380
443
627
872
701
138
871
103
312
688
708
321
312
402
26
269
910
600
257
21
197
471
990
699
314
122
364
156
305
18
815
604
310
781
286
177
979
78
782
747
428
531
39
771
795
405
327
410
486
199
569
968
786
36
255
542
814
4
756
194
344
870
448
533
772
92
373
541
453
525
646
761
843
453
27
621
526
766
688
609
963
120
226
425
142
778
1000
266
346
631
33
297
300
800
602
726
245
520
257
475
241
20
884
300
277
784
85
895
768
147
971
898
459
977
269
699
891
739
926
528
273
729
467
210
938
899
752
217
987
128
252
861
57
486
517
175
498
299
226
656
880
603
191
162
624
237
458
852
501
298
837
317
858
142
372
966
498
702
581
958
510
863
521
506
998
224
769
64
599
774
46
514
987
695
783
982
420
810
643
775
888
752
150
197
119
560
940
748
411
100
496
649
427
417
579
1
630
739
502
404
401
834
855
911
136
126
494
86
43
409
124
814
237
757
933
653
156
688
892
641
742
430
308
459
740
704
57
249
838
459
453
357
31
425
4
357
763
451
886
794
373
13
382
628
542
862
412
879
690
768
106
521
852
123
698
414
869
193
802
925
643
17
476
111
923
739
49
756
885
758
228
36
740
418
363
718
435
766
472
229
274
744
19
234
183
717
710
951
365
159
484
743
410
932
680
931
677
235
106
320
384
144
778
386
769
308
584
86
335
49
69
669
