#seed = 1101
367
837
417
372
222
180
162
982
148
645
575
154
768
970
613
741
405
872
154
225
304
121
402
867
529
274
639
945
533
733
824
223
200
873
315
57
320
64
541
631
632
378
618
28
655
971
436
824
800
209
752
205
92
26
65
754
681
687
291
425
877
916
154
109
564
838
589
957
464
243
580
731
338
958
471
474
184
1000
137
54
23
484
758
314
375
554
315
749
552
883
279
880
315
152
409
969
826
820
475
682
490
604
354
425
127
952
867
325
951
781
519
387
587
862
520
640
213
628
392
904
302
29
378
640
612
615
443
199
359
869
983
963
985
7
275
472
831
2
506
391
484
508
600
577
645
900
786
382
94
30
59
896
45
440
670
159
354
75
52
728
855
600
730
631
592
538
324
488
764
693
15
855
376
511
416
401
363
878
295
110
594
744
556
517
858
881
508
917
651
785
657
880
769
895
893
589
811
617
898
57
574
883
99
316
250
575
419
39
993
995
874
941
712
105
614
47
802
693
828
843
880
746
429
960
969
925
446
472
671
19
241
926
644
307
248
703
195
118
946
827
854
427
847
284
781
373
243
43
480
922
553
624
179
466
954
397
166
361
2
125
167
706
559
849
236
367
99
560
688
746
473
445
596
1000
881
192
394
700
268
771
105
247
563
552
160
511
522
116
564
436
182
713
285
406
823
560
398
213
495
968
947
803
180
771
12
33
632
968
681
447
865
363
233
427
25
436
869
12
401
182
453
377
469
590
775
103
480
585
678
398
224
365
823
734
930
828
52
335
266
660
805
196
52
416
442
89
160
114
70
942
42
124
467
114
53
363
890
917
213
669
583
798
243
989
118
834
281
116
554
469
965
411
126
410
721
157
785
717
162
778
246
759
167
624
602
101
837
663
21
368
376
850
422
123
589
998
722
638
89
752
774
448
961
255
879
471
530
937
507
66
629
852
100
39
989
296
267
666
123
206
854
554
268
296
458
243
84
976
697
5
774
682
983
733
104
609
666
58
230
763
321
708
562
248
403
321
515
580
590
635
377
331
230
22
394
865
802
124
468
163
902
379
25
280
403
613
83
420
320
951
405
306
34
99
409
822
171
896
872
974
547
471
505
428
517
879
720
21
280
946
203
69
156
385
400
192
672
985
563
537
749
698
565
296
69
730
466
250
398
293
379
661
377
295
602
815
204
129
605
160
781
801
194
814
995
268
632
66
182
862
728
603
257
485
830
514
454
141
404
646
760
77
339
761
721
932
24
445
618
3
587
599
990
727
519
136
372
762
500
998
411
719
27
462
288
172
377
569
685
921
778
708
944
787
954
975
743
835
668
396
709
755
731
566
356
916
430
872
649
207
693
954
639
588
122
571
476
101
800
463
127
226
146
502
500
3
293
648
343
642
399
504
308
804
28
709
513
429
294
136
59
1000
138
31
718
490
14
174
948
233
973
270
696
593
547
4
143
805
675
567
276
440
558
486
113
993
651
861
954
9
883
291
118
882
433
991
522
61
255
59
498
905
667
773
862
731
325
907
128
770
566
203
403
200
767
270
776
657
820
456
702
940
307
962
345
226
62
540
754
757
162
844
257
514
725
244
552
650
891
906
228
837
267
448
284
341
552
349
825
499
846
408
624
938
914
775
567
42
637
367
101
877
294
149
127
743
816
513
219
441
356
396
820
910
729
338
909
742
901
883
444
756
890
455
721
863
494
660
514
717
332
246
104
448
12
503
715
523
195
411
919
375
557
751
984
491
541
559
433
735
764
27
244
962
779
854
198
543
942
177
436
270
835
753
217
808
8
667
229
68
981
75
305
482
174
178
710
214
265
702
941
117
211
756
701
660
399
645
724
15
749
307
734
607
841
419
914
778
888
742
556
572
419
429
425
559
377
230
891
82
990
287
371
726
24
921
883
895
104
185
450
233
466
291
759
431
214
317
857
736
51
846
240
618
87
67
203
86
955
943
457
776
709
21
875
8
772
596
552
887
573
840
787
520
864
757
347
726
708
892
659
438
531
785
928
640
5
55
387
481
927
365
948
704
991
89
322
597
186
285
960
68
649
572
742
733
117
188
211
687
956
810
669
835
670
498
692
813
820
327
599
447
423
346
341
699
558
644
786
171
388
368
875
786
417
834
543
88
37
789
870
739
212
218
878
354
830
113
185
290
203
609
961
791
379
953
300
951
625
571
16
884
668
536
489
373
89
47
392
923
209
654
570
940
811
273
999
221
287
459
187
23
325
488
481
435
183
356
567
686
659
216
964
924
418
332
424
267
444
119
847
491
87
670
502
836
204
613
871
538
107
103
781
775
796
997
277
62
239
149
563
244
670
522
410
388
547
338
611
716
111
242
732
520
979
276
660
23
443
694
904
23
854
254
113
814
304
783
975
622
720
873
674
866
201
740
796
643
645
84
165
491
714
399
424
212
380
114
772
203
697
242
139
766
35
715
906
293
768
191
765
326
791
178
380
153
356
163
150
659
694
498
243
748
869
571
349
832
497
272
495
766
232
476
394
662
409
394
819
49
716
555
110
534
764
323
982
420
406
416
498
140
575
121
444
537
13
987
331
561
476
919
228
382
442
408
166
344
42
369
273
248
838
463
128
445
367
838
637
637
882
783
221
604
966
386
492
252
511
436
278
736
732
796
719
837
155
766
494
779
316
609
95
299
250
455
461
88
742
911
497
9
636
233
150
752
735
240
824
983
63
788
838
516
582
484
540
261
914
680
652
472
420
653
794
508
754
100
952
40
251
751
151
718
979
770
957
224
544
141
180
833
19
497
205
827
857
701
546
241
66
881
69
31
971
25
817
331
996
514
938
393
941
719
576
273
231
151
861
762
929
722
193
295
811
90
834
139
337
626
876
501
449
520
275
499
112
692
498
525
855
709
423
756
751
765
161
346
914
590
634
454
439
931
259
914
712
668
313
476
597
376
893
630
829
531
751
844
762
329
771
87
654
863
464
772
132
296
502
212
148
258
496
338
134
196
16
158
70
670
127
497
895
904
695
292
698
140
334
383
453
899
653
412
404
69
584
777
94
893
588
565
951
641
141
455
593
528
687
643
977
152
246
276
512
226
18
560
342
944
134
319
287
943
877
72
689
476
632
801
363
255
422
643
991
960
553
407
57
672
510
313
217
86
545
170
755
291
210
705
817
417
733
320
786
813
659
438
980
629
202
839
35
212
166
529
849
670
373
420
640
991
317
200
699
737
878
675
757
720
894
493
876
26
418
22
255
254
299
811
500
71
119
982
722
993
246
258
522
321
651
160
183
961
975
742
79
113
998
328
295
875
201
245
403
58
706
829
927
789
132
635
628
977
826
225
682
141
925
699
247
197
558
351
77
178
986
932
387
925
38
508
686
93
554
306
496
90
868
90
361
736
452
577
110
648
848
220
578
830
477
937
977
693
334
871
951
200
888
554
25
546
180
881
84
168
735
986
45
647
46
824
932
82
120
157
150
733
840
408
799
127
258
379
277
666
677
969
900
142
860
887
419
681
899
733
74
990
883
938
121
795
589
857
309
89
907
789
391
931
102
347
969
614
285
875
977
272
438
830
228
11
921
895
992
546
727
963
452
431
761
336
284
320
581
248
345
11
473
361
238
571
973
968
273
121
406
644
8
71
690
333
903
472
752
800
397
792
991
454
956
526
365
624
989
15
200
870
736
132
90
356
425
471
996
502
101
509
638
25
655
88
914
329
221
263
300
680
311
955
69
323
598
283
541
522
482
663
469
522
488
724
296
418
137
961
693
254
653
715
762
117
430
91
772
843
94
879
806
505
579
594
531
985
686
993
974
443
123
506
186
405
613
198
256
587
908
856
595
702
927
954
222
527
275
957
874
833
818
3
787
416
987
675
79
682
547
882
805
963
542
754
852
337
210
389
601
464
832
812
769
737
51
640
34
695
797
994
905
802
953
829
434
337
945
309
247
524
594
767
233
281
182
85
807
252
612
376
500
459
595
857
833
223
348
844
236
94
625
523
99
357
844
93
554
603
94
93
603
200
798
991
311
119
585
526
367
790
675
44
109
295
250
421
496
189
42
744
482
14
299
532
869
671
31
342
950
914
31
35
807
535
94
165
672
902
75
403
746
603
179
885
706
729
509
697
119
686
754
170
505
887
323
464
146
975
224
33
674
568
884
672
355
680
502
811
788
460
270
663
378
44
429
258
351
285
137
527
453
640
602
991
828
142
975
820
204
487
979
245
711
795
632
56
381
571
933
47
485
317
28
128
368
612
140
75
735
115
932
934
591
252
63
308
87
408
140
308
291
485
698
318
982
456
765
204
230
389
538
547
64
604
440
753
926
865
976
666
824
158
8
293
629
914
536
502
279
491
656
439
190
809
62
265
491
417
548
470
151
391
808
119
694
58
982
824
329
471
600
201
433
231
266
40
241
371
447
576
542
15
227
317
593
478
476
653
877
930
190
809
701
289
480
795
412
691
713
86
258
417
264
136
79
609
853
823
470
315
209
828
863
481
66
710
975
4
525
473
881
623
809
619
84
203
106
117
198
982
378
564
588
327
249
771
853
299
803
62
387
361
361
962
249
12
875
200
91
334
443
827
322
54
617
146
378
42
851
786
889
229
735
613
566
154
109
651
116
982
460
162
575
906
905
200
814
573
297
597
578
777
914
951
788
723
280
877
577
83
229
151
987
487
206
319
776
397
228
237
313
437
484
604
217
902
643
69
785
129
560
770
723
396
425
791
483
277
188
766
393
472
753
194
784
240
477
300
456
808
48
191
278
352
193
892
129
589
577
578
52
204
674
898
182
771
560
870
861
731
106
739
690
287
635
478
231
491
694
458
776
846
878
536
433
914
785
9
443
785
457
746
479
359
996
950
12
562
225
84
579
816
347
64
266
39
243
489
145
981
771
308
261
859
327
384
886
192
995
86
922
309
76
781
345
357
113
244
960
273
257
316
306
977
537
782
364
877
41
264
848
319
12
439
817
576
400
666
700
406
385
976
797
266
983
219
122
146
847
521
940
31
972
56
596
460
987
957
185
384
772
989
733
232
745
643
862
804
507
466
883
95
951
609
736
799
105
421
46
200
474
933
244
100
730
812
314
932
715
341
434
248
761
533
402
655
344
159
159
736
606
196
737
824
147
441
376
375
534
915
154
803
454
759
975
448
917
444
979
41
856
530
221
756
279
538
76
299
778
943
302
888
582
897
472
216
266
470
204
602
102
522
410
3
535
60
36
418
393
142
980
612
793
108
644
464
251
167
287
628
886
710
788
328
205
129
302
583
368
647
676
385
783
347
380
706
395
619
889
168
929
218
968
738
101
243
348
909
330
423
530
236
592
106
803
148
947
137
812
750
447
746
422
741
675
576
541
549
262
971
504
517
295
24
447
632
296
735
765
777
976
296
95
684
591
232
102
885
289
944
150
303
867
234
301
931
466
60
810
310
394
780
500
99
267
503
558
490
431
754
633
861
707
558
607
809
79
108
960
131
795
852
475
708
259
772
725
93
419
118
911
519
461
157
496
802
764
159
389
704
537
824
909
859
490
952
91
379
770
248
126
175
930
950
304
360
564
678
399
868
935
798
454
481
126
171
662
109
628
406
865
69
249
372
620
526
126
601
204
464
921
365
758
866
813
816
539
848
390
983
174
719
461
736
975
836
277
332
192
219
767
196
200
332
912
282
737
694
820
3
497
631
245
790
433
585
741
191
659
112
9
445
968
430
141
9
551
630
964
150
557
93
560
575
508
271
806
814
263
729
366
789
697
56
165
590
810
948
53
988
284
111
631
570
540
352
642
50
623
151
753
806
744
474
18
194
517
32
297
517
281
586
580
524
181
15
714
924
523
955
346
629
964
76
970
505
186
243
737
810
309
144
763
625
423
628
474
631
677
989
199
478
2
444
953
208
82
288
182
839
215
229
193
237
102
712
415
67
269
736
821
311
828
11
360
389
52
198
398
466
400
55
711
118
276
470
831
995
512
215
969
637
809
803
922
333
561
520
460
941
745
872
171
531
306
742
329
419
313
927
721
113
49
228
263
792
939
546
137
983
443
729
655
86
263
375
457
566
454
622
139
994
961
821
138
126
630
999
584
160
181
990
9
693
835
904
199
922
214
171
775
342
499
913
954
560
767
38
336
977
228
872
721
412
422
413
40
927
689
888
123
87
54
737
282
29
571
694
176
950
562
233
305
418
442
19
65
861
393
895
705
895
845
619
9
492
469
102
441
877
572
442
259
966
521
489
228
623
586
948
155
936
222
818
704
545
587
131
739
159
418
628
32
401
564
493
6
741
735
848
639
169
216
797
162
821
948
44
910
369
78
43
461
568
691
731
859
170
227
319
125
412
882
73
235
808
800
725
696
879
724
483
776
56
306
156
674
161
370
298
450
270
660
404
115
919
300
411
627
349
795
507
625
219
224
779
377
775
467
969
837
916
724
654
446
685
398
996
878
796
314
264
719
397
516
972
973
143
349
546
581
163
380
136
933
208
372
61
334
627
178
481
220
129
885
435
481
828
389
826
573
57
278
823
102
83
379
58
85
977
380
982
117
523
2
921
540
269
626
816
608
727
386
9
988
3
820
914
656
332
172
627
232
936
413
273
914
758
707
463
457
584
34
656
470
907
398
341
972
599
240
17
873
398
486
818
544
132
20
530
103
757
791
781
471
967
748
637
832
796
180
309
215
509
637
883
113
226
305
594
716
394
762
12
88
925
611
932
568
764
961
693
342
837
284
982
916
161
972
990
796
829
215
155
571
709
950
139
576
55
68
353
93
518
116
185
50
73
12
336
123
342
910
353
609
272
459
958
482
60
211
347
611
173
612
444
902
117
629
161
279
12
76
55
421
636
864
785
108
155
271
851
976
340
102
182
214
831
695
137
622
354
662
289
534
749
192
950
248
46
608
533
934
975
80
300
558
515
129
678
361
977
720
698
261
56
881
239
682
130
652
543
142
165
738
141
855
933
49
334
785
857
107
198
763
295
327
464
373
345
712
904
897
443
787
277
986
643
874
83
635
699
865
750
128
3
734
839
357
726
544
359
376
872
744
386
558
521
377
843
892
773
72
675
547
233
998
629
216
383
937
116
635
254
470
478
246
785
745
419
67
753
532
188
418
657
235
204
361
537
640
44
681
64
244
792
733
702
608
711
65
630
909
645
490
217
153
263
343
347
321
404
656
32
595
642
626
936
212
927
377
3
112
981
119
401
809
115
825
479
516
710
215
889
438
294
111
696
948
681
203
737
219
255
420
946
596
800
928
236
445
331
987
401
131
816
244
402
311
855
130
927
255
781
793
380
666
216
378
440
196
219
737
363
478
368
609
3
38
841
55
80
708
449
740
396
635
661
269
540
845
550
668
815
389
691
103
253
525
706
695
924
14
585
444
816
305
628
982
647
579
641
556
934
80
152
930
337
769
467
223
221
45
645
843
709
250
836
784
607
938
122
695
277
824
699
286
30
267
426
876
464
477
747
765
384
542
271
605
817
176
293
978
559
94
488
978
239
225
57
574
87
416
102
336
394
726
765
584
657
227
882
311
439
487
151
836
549
463
636
27
202
320
762
714
133
438
499
278
913
424
899
710
157
145
298
26
401
254
522
966
945
152
148
478
242
852
764
444
784
802
249
324
875
961
879
408
292
377
521
84
910
89
726
44
780
392
41
130
686
855
9
686
975
731
4
419
886
947
218
437
197
768
582
357
880
408
85
868
577
628
840
655
724
901
689
96
636
920
58
117
219
490
936
783
826
118
561
802
767
492
230
502
1000
634
192
965
938
143
453
191
346
739
149
125
444
492
11
302
208
896
890
681
256
667
206
146
658
514
949
972
73
174
163
764
552
38
918
112
919
390
374
418
120
591
819
666
502
907
513
160
195
993
857
123
833
729
86
408
974
869
845
36
207
121
887
972
855
107
747
977
989
156
495
226
17
725
76
100
385
644
489
738
304
280
362
3
402
940
310
155
809
936
968
913
184
531
916
118
882
147
821
954
371
181
631
440
976
990
113
171
380
991
892
525
976
136
132
293
699
895
681
372
116
321
87
227
412
156
765
805
237
784
18
690
200
401
259
431
28
931
415
931
943
772
984
853
297
13
197
685
37
999
578
698
883
240
818
958
927
149
564
958
402
535
345
515
606
703
898
564
346
347
732
151
545
950
239
51
89
264
770
405
293
316
583
4
391
653
942
95
92
811
530
192
710
272
951
69
228
743
726
442
893
664
395
329
134
996
779
143
927
504
903
807
971
122
530
458
354
43
564
582
114
175
342
202
114
874
83
774
859
556
493
633
30
161
408
192
868
733
456
598
550
739
182
900
497
416
255
46
636
216
68
119
197
391
386
599
685
873
193
168
487
904
995
238
393
282
516
669
645
943
645
505
456
380
70
179
168
532
15
278
192
541
517
986
319
814
210
540
434
638
435
98
994
364
699
677
508
785
151
385
673
535
460
688
450
478
333
968
246
901
111
142
254
258
874
152
74
648
195
992
165
349
975
839
740
458
52
503
736
150
662
894
380
988
137
902
903
340
81
690
12
904
387
578
260
451
397
383
517
255
106
165
891
24
527
405
511
205
408
534
651
292
258
290
546
894
918
276
998
980
34
177
368
911
779
474
812
979
185
647
790
460
781
146
534
951
933
978
794
894
684
159
716
122
993
588
794
951
840
70
341
323
3
298
179
116
554
759
885
133
649
588
710
549
490
753
478
608
228
933
458
146
127
230
17
111
744
781
262
773
80
339
579
442
458
209
311
915
11
195
588
582
257
716
352
851
534
46
278
352
940
784
969
337
907
623
40
17
724
991
238
381
879
200
232
198
973
122
128
888
314
477
559
104
12
953
991
898
862
591
74
308
286
613
1000
526
761
917
478
212
887
920
340
895
419
837
482
509
589
294
293
193
555
710
182
246
790
730
934
536
189
18
63
793
118
423
207
543
625
319
919
355
378
587
361
428
313
830
529
903
739
379
483
622
45
307
404
297
4
513
955
106
680
274
728
552
217
678
900
953
129
775
792
200
326
2
580
995
25
401
28
260
26
694
116
744
267
464
698
33
279
520
405
495
868
532
367
487
669
359
226
301
587
339
705
355
878
351
219
856
646
757
483
184
30
590
729
860
862
949
101
261
167
672
371
636
134
840
597
441
141
712
313
384
731
358
441
740
457
580
875
518
935
302
292
286
908
534
737
175
64
919
771
834
299
325
991
760
617
62
245
158
678
707
618
328
9
614
795
159
223
942
950
268
884
902
716
838
10
313
561
797
693
904
655
661
442
890
935
697
665
883
440
718
781
427
574
336
851
603
382
328
287
829
131
594
20
863
657
599
874
862
827
478
4
907
626
906
495
833
585
434
802
711
881
843
473
972
719
762
181
572
381
552
516
349
649
372
497
481
728
530
302
431
788
328
786
509
162
385
544
26
9
80
821
291
247
925
574
61
487
331
966
9
998
882
28
349
596
585
291
587
616
237
811
152
535
565
944
519
541
21
784
738
258
275
999
531
982
75
382
951
72
625
833
88
34
675
717
39
876
718
483
849
603
39
667
420
668
245
76
600
556
502
48
542
891
188
471
129
931
118
482
116
452
636
340
196
254
525
834
335
657
906
501
467
729
760
276
466
824
499
713
830
678
973
774
403
93
994
245
376
979
673
945
600
9
536
231
280
940
442
403
651
637
768
105
151
759
629
358
548
659
532
235
9
988
960
53
691
854
436
314
855
507
822
832
214
560
769
402
929
643
770
628
243
496
475
692
46
502
478
779
894
242
934
409
775
167
466
720
749
399
931
1000
848
325
835
961
966
863
303
424
233
309
378
605
121
473
147
834
833
202
633
73
256
508
209
37
208
702
634
932
93
726
374
217
196
964
260
872
277
483
489
513
701
183
188
208
379
804
549
884
715
221
500
596
73
676
37
477
587
38
906
530
429
178
407
188
320
768
542
447
827
721
7
59
572
678
39
218
856
702
347
425
642
157
888
535
31
140
218
827
141
913
190
677
698
988
928
925
597
64
494
37
571
782
886
602
172
791
229
923
872
12
128
619
917
66
642
893
73
746
269
183
117
395
517
773
185
286
736
258
175
6
221
478
985
514
542
185
383
909
807
306
147
930
36
685
514
842
450
979
928
35
638
804
623
137
19
988
594
121
547
452
212
757
737
156
367
447
665
578
518
232
712
986
733
817
23
448
452
727
748
903
409
190
997
60
758
403
623
447
242
74
389
72
62
953
946
803
912
846
420
57
898
711
57
98
167
801
621
909
280
798
867
486
328
474
746
301
463
261
889
666
518
458
808
905
380
176
815
267
558
847
51
709
148
692
927
734
147
1000
101
841
399
592
55
539
365
815
772
239
659
866
162
574
999
729
280
956
596
130
240
207
885
472
985
610
821
3
662
240
536
357
233
508
312
910
633
632
607
12
246
380
173
70
367
600
322
940
569
767
573
130
154
373
230
43
863
772
145
520
710
968
524
906
916
674
897
309
729
547
559
178
744
735
232
34
547
498
708
316
625
112
819
393
819
972
696
647
103
465
43
640
63
417
304
246
262
153
338
646
452
159
981
602
596
22
101
718
892
734
18
172
239
698
910
906
278
896
694
942
712
358
130
346
877
351
344
579
912
799
669
418
136
694
267
577
615
403
683
517
863
464
756
320
840
191
342
83
805
581
128
95
675
417
594
233
1000
592
329
95
400
822
378
227
575
658
702
496
765
669
634
840
729
515
404
767
802
293
150
897
997
941
647
234
284
261
76
213
86
566
613
365
102
780
355
371
612
510
249
445
560
633
463
183
817
963
430
865
669
482
642
796
933
253
674
814
361
931
974
95
398
644
814
173
242
657
203
719
745
105
333
900
98
636
416
889
843
851
837
952
177
944
1000
97
801
317
614
251
627
24
421
860
520
211
242
726
914
194
693
789
496
148
806
364
479
850
655
834
516
609
290
1
880
128
505
325
857
146
838
559
873
923
762
278
949
624
520
76
930
148
708
119
802
523
166
559
93
573
63
395
361
337
561
705
881
541
884
166
994
113
540
977
995
508
637
666
221
489
47
711
878
109
129
391
886
744
252
244
166
199
22
324
665
487
545
247
75
548
120
113
779
360
688
763
701
537
897
486
511
691
557
200
130
128
264
553
268
150
290
167
881
328
399
735
741
820
517
563
536
913
683
520
485
472
99
896
276
64
94
390
510
62
328
471
390
185
941
889
587
12
147
756
652
553
814
559
165
507
423
931
201
856
863
971
599
653
550
772
355
301
870
877
836
488
485
492
855
202
239
955
4
874
848
861
670
701
915
608
232
570
593
750
859
313
625
781
