#seed = 1001
816
951
61
779
779
203
884
968
94
569
925
387
805
165
417
740
384
578
665
793
411
800
586
204
623
901
52
32
755
973
726
765
945
505
733
720
672
628
755
960
193
931
515
752
917
627
949
153
20
578
899
104
652
925
417
704
133
103
884
904
260
445
608
936
78
557
570
812
402
92
314
357
171
410
37
153
895
98
623
217
6
444
594
850
785
346
206
865
952
794
863
142
552
455
903
224
588
40
61
380
445
187
853
969
118
705
362
541
884
223
43
629
92
240
532
606
369
481
22
747
687
772
862
463
57
657
132
151
125
738
487
923
666
841
272
265
849
99
877
922
31
230
799
119
497
207
852
571
533
917
381
111
70
626
337
542
322
487
29
804
478
259
822
923
825
339
502
401
310
515
888
555
341
724
223
837
102
931
317
130
516
189
75
787
220
803
974
260
571
905
890
312
65
114
118
927
98
951
887
87
891
742
254
682
912
66
206
525
479
414
543
953
590
896
126
472
62
216
912
341
801
542
513
37
678
892
817
67
65
464
247
208
735
768
664
673
454
153
144
611
65
341
287
757
632
308
459
948
649
78
949
807
496
121
264
295
915
422
988
739
478
31
929
173
447
985
129
484
537
276
944
706
891
219
912
100
901
985
956
661
528
615
376
739
982
917
563
791
540
495
481
172
527
162
199
556
155
287
18
923
272
400
727
866
881
3
908
122
629
890
696
558
464
311
943
617
260
381
83
575
8
910
320
517
749
728
941
458
188
409
294
609
174
225
19
544
275
913
743
755
403
362
479
128
636
50
636
431
983
208
849
433
837
211
368
765
468
123
639
677
250
414
526
714
888
997
594
456
864
65
6
459
642
914
105
483
96
632
184
48
898
108
362
53
534
740
189
356
917
914
208
633
812
72
569
308
608
95
34
646
139
187
841
96
906
497
758
356
174
750
336
304
619
111
917
494
692
848
544
830
299
948
578
993
413
394
272
722
207
644
31
186
486
139
828
515
122
861
105
780
959
756
949
328
561
792
902
609
662
506
522
21
249
79
699
667
573
78
347
907
802
88
211
848
997
593
451
634
595
601
631
25
502
636
833
328
904
872
650
423
927
15
222
563
515
671
903
795
200
961
204
909
590
456
832
109
576
286
485
702
167
541
898
280
167
109
403
822
965
552
794
604
296
680
138
362
303
289
927
851
941
674
52
181
944
995
272
962
458
552
5
101
938
718
411
77
219
793
948
587
486
742
478
807
105
963
128
137
742
21
752
668
704
650
603
861
680
794
455
413
462
555
235
643
767
734
783
490
421
743
46
800
608
978
438
430
487
428
576
506
300
234
393
885
556
44
542
876
700
950
498
458
626
348
264
565
39
602
768
172
198
80
709
145
226
542
271
6
450
576
676
183
826
772
487
529
352
97
967
187
927
400
366
738
566
599
62
979
75
73
978
135
107
997
302
897
170
246
31
326
579
310
830
441
138
82
841
265
359
21
755
616
512
55
639
177
449
697
834
939
452
157
478
472
613
471
757
603
146
541
882
196
121
251
279
952
302
424
118
100
224
159
846
327
839
705
286
215
431
114
558
624
805
576
70
748
654
858
499
856
133
562
110
752
427
713
330
687
530
22
587
509
904
532
169
857
594
14
647
144
715
482
458
661
462
523
388
427
851
520
448
110
22
824
172
410
303
518
68
109
563
890
902
696
868
725
185
724
793
565
660
995
185
494
643
349
495
868
761
677
307
642
283
727
651
90
121
191
788
865
203
568
384
222
383
324
918
461
803
739
121
874
607
855
161
713
642
19
137
156
597
914
457
456
310
649
221
450
46
546
861
536
74
368
633
91
189
666
625
284
853
729
774
143
644
541
351
848
812
916
128
826
816
488
88
266
871
407
731
542
905
631
170
115
801
421
412
793
877
529
836
989
291
697
531
911
235
890
307
132
594
207
69
241
222
781
312
701
513
997
288
438
76
856
992
935
312
31
516
594
847
609
388
251
636
815
366
219
757
428
924
241
230
871
853
669
808
757
676
657
52
358
741
621
510
337
577
956
332
2
146
548
104
327
680
355
542
933
669
671
24
756
826
482
575
957
768
608
613
751
268
960
376
912
749
384
48
954
395
195
150
328
882
237
452
927
138
833
467
853
618
430
437
751
239
756
489
652
445
729
836
188
44
138
798
638
331
205
978
710
271
523
872
479
999
293
931
63
686
541
425
99
782
689
905
506
266
363
476
955
515
362
604
583
984
691
228
437
569
358
243
209
2
14
187
561
245
246
116
870
834
109
534
29
457
419
461
285
74
551
692
653
328
955
500
769
772
861
203
288
743
127
47
835
528
282
291
682
29
108
282
537
976
118
829
3
132
873
955
633
224
379
308
958
43
467
734
203
922
975
378
508
737
174
795
29
402
852
288
446
408
902
738
238
121
844
839
866
449
711
849
752
656
715
935
780
325
475
576
384
342
370
552
921
91
227
49
336
679
570
131
706
394
299
392
898
949
510
590
852
735
957
252
334
822
529
981
974
869
509
587
728
223
527
39
60
531
178
844
696
48
903
109
801
128
96
451
951
261
787
901
226
242
692
639
643
831
136
609
113
411
183
371
589
795
586
745
921
454
369
601
600
218
176
856
166
335
698
485
1000
302
23
129
860
185
693
603
352
858
720
335
124
98
547
586
409
34
488
27
62
781
483
778
47
94
727
631
728
732
468
7
961
79
232
675
579
286
594
82
459
63
137
702
381
823
468
508
726
861
985
425
474
576
835
721
854
861
98
533
856
704
121
122
720
324
925
268
142
703
408
596
991
380
372
482
432
871
558
935
611
378
429
544
818
485
993
51
73
859
202
275
307
952
706
990
715
606
592
759
494
860
225
289
288
276
524
708
153
475
531
984
428
981
976
481
167
199
513
300
987
790
213
569
71
462
974
120
998
677
397
986
643
634
932
395
963
913
676
23
931
874
74
541
802
470
254
745
910
583
815
569
377
445
936
60
689
725
295
564
535
303
352
679
628
958
117
825
848
257
69
940
691
830
712
712
435
884
141
766
876
6
160
978
197
547
130
836
606
499
612
38
544
758
341
948
570
777
309
512
995
204
147
94
237
414
213
957
631
228
469
140
928
935
411
170
33
258
761
858
538
996
73
454
215
781
792
83
674
513
126
269
316
369
831
562
869
220
217
103
721
660
237
604
793
261
973
115
903
347
195
258
214
320
221
300
447
458
887
984
8
916
999
699
879
899
271
289
183
987
533
192
401
962
558
520
590
457
349
911
124
294
85
992
229
825
618
185
765
756
778
980
381
61
178
792
248
689
614
250
574
593
318
232
752
339
523
813
306
648
559
281
49
19
173
79
150
758
275
386
813
264
527
274
103
90
554
790
889
58
729
78
948
737
232
964
478
139
381
920
786
208
691
208
907
166
708
798
889
673
663
795
212
676
769
646
381
865
153
259
626
731
205
803
977
35
942
762
342
449
966
520
150
107
664
279
246
973
7
585
680
975
44
897
942
683
48
168
746
707
856
551
804
53
756
873
581
917
749
840
508
817
703
295
121
744
191
673
741
374
618
376
333
842
322
314
234
500
814
944
926
516
906
132
103
384
56
687
434
143
259
782
215
643
599
122
115
17
803
197
168
587
778
320
564
806
925
111
750
929
174
458
457
659
317
636
464
358
139
403
31
700
949
743
575
848
631
551
739
586
864
239
106
948
274
127
87
630
509
53
240
826
20
292
600
836
855
546
73
569
162
969
59
13
754
492
463
573
775
74
296
868
284
137
154
622
200
308
441
665
145
978
712
13
470
722
577
358
173
363
235
903
70
711
98
861
28
649
470
917
848
601
47
983
603
421
179
106
645
823
907
50
565
130
339
923
666
744
633
655
679
321
781
667
792
81
651
856
128
685
162
409
275
934
162
593
872
383
181
224
787
596
114
349
524
435
697
11
30
111
456
744
13
506
180
777
56
418
743
401
713
368
13
731
831
320
288
81
722
866
867
737
653
61
545
12
784
71
75
293
168
91
287
596
702
503
625
171
399
314
333
16
946
6
174
437
152
857
972
903
262
324
602
54
892
819
331
724
485
74
56
305
139
874
364
837
798
753
495
702
712
78
673
616
603
513
567
171
703
753
848
558
398
187
12
458
978
211
398
603
313
431
87
177
654
849
553
878
948
576
173
554
316
679
183
219
165
326
510
270
650
565
468
863
850
733
981
844
909
69
7
328
463
619
242
159
957
503
451
330
759
487
406
103
921
305
104
546
677
553
646
698
254
100
774
154
948
5
202
241
377
274
646
367
394
294
446
216
673
476
653
172
932
617
436
79
260
377
21
255
732
346
314
69
468
850
99
70
341
152
62
123
871
407
717
140
175
846
400
11
142
624
786
405
608
100
951
462
693
833
163
484
363
538
804
687
740
152
708
801
950
40
786
841
611
235
54
163
346
390
482
543
478
601
590
428
412
65
932
100
132
26
678
26
735
484
245
642
256
73
353
660
620
959
439
199
89
594
472
187
200
392
967
469
266
647
520
438
348
799
244
643
40
360
721
35
194
2
184
626
787
491
351
18
278
891
119
125
521
785
64
987
70
560
936
839
891
848
953
268
723
470
832
770
148
81
229
7
202
135
611
327
435
553
34
869
52
619
883
346
708
895
436
549
717
874
50
484
279
706
999
575
607
203
493
796
256
568
834
509
364
639
788
292
556
82
976
179
192
579
437
5
69
860
930
972
666
296
892
86
806
408
455
71
69
407
248
15
701
949
401
331
445
622
732
622
150
290
641
258
632
819
827
980
398
346
359
854
325
456
702
885
549
735
977
184
420
705
316
285
378
29
257
715
944
595
917
784
950
541
318
360
333
527
980
427
942
452
227
911
580
824
587
747
497
895
842
36
332
481
822
121
201
665
181
11
127
267
87
512
625
617
154
32
790
619
564
86
4
699
170
340
759
673
500
277
206
529
84
897
267
283
132
886
671
448
728
785
26
527
995
645
226
338
376
812
853
21
921
78
157
177
478
742
452
560
728
649
228
472
30
64
446
53
149
369
259
685
125
234
540
493
646
805
427
849
536
759
772
595
746
808
308
826
790
211
793
932
394
150
693
621
214
289
316
649
782
693
320
542
430
142
54
384
108
841
361
725
280
928
316
375
644
410
425
87
868
891
161
315
900
317
525
379
386
60
97
64
564
525
206
435
861
459
767
180
237
247
927
875
808
472
9
837
795
532
557
820
799
990
153
365
943
61
299
26
562
528
496
779
986
980
135
771
546
124
648
249
290
133
698
870
237
981
930
87
739
365
384
686
353
520
975
364
74
558
366
502
664
571
210
479
750
503
892
780
337
333
998
700
729
1
756
448
270
100
448
714
958
493
376
853
992
123
378
753
449
623
38
877
207
96
754
715
591
566
133
898
20
858
596
802
162
328
163
107
942
891
341
677
390
926
577
850
707
807
143
53
185
780
273
705
978
589
873
858
744
746
405
858
832
470
681
340
348
479
522
974
251
722
686
142
113
269
122
987
725
868
981
212
307
391
171
175
625
201
568
897
15
175
893
832
232
43
892
799
410
72
249
409
365
745
303
220
300
880
661
393
495
849
755
787
974
38
8
77
851
801
843
88
781
125
41
167
385
116
659
844
893
365
816
454
172
100
647
472
856
626
726
689
334
383
584
251
346
832
718
911
363
110
494
125
931
688
854
413
134
522
801
866
697
664
871
224
274
271
314
576
782
533
630
975
772
418
588
414
102
307
198
306
213
552
630
86
171
830
782
289
406
375
108
176
94
663
6
36
567
30
928
702
633
486
509
479
930
261
967
571
981
969
757
565
156
902
845
394
84
552
239
331
429
780
926
721
478
63
770
321
656
496
710
96
28
203
654
260
350
807
871
313
823
171
183
479
283
595
601
187
6
618
246
595
339
484
841
569
980
946
409
585
629
768
609
819
823
462
349
815
768
648
239
717
524
843
859
83
352
810
221
363
687
930
933
430
74
70
45
40
136
914
621
241
815
412
554
146
369
435
7
180
54
152
137
665
874
739
805
93
163
960
621
664
146
267
17
392
794
822
571
160
510
873
278
394
952
508
270
719
733
58
882
48
118
299
397
351
673
664
575
544
713
632
213
355
150
745
872
142
107
742
869
303
751
700
266
212
918
722
609
113
566
515
702
810
778
276
281
201
348
135
349
137
597
354
350
417
954
893
591
251
448
288
99
231
858
1000
722
904
208
35
482
922
267
268
103
220
179
641
114
861
479
793
330
917
715
300
493
168
294
108
790
765
15
975
344
248
508
959
399
649
611
168
177
998
489
702
862
226
452
908
312
463
409
184
985
901
36
319
383
550
92
313
285
168
517
31
269
787
27
15
377
861
364
626
260
519
787
731
307
804
197
866
816
619
508
544
501
848
840
306
529
463
743
590
669
501
378
395
902
583
572
855
514
658
884
221
590
620
342
15
16
7
769
660
104
295
761
308
799
137
685
590
919
755
347
122
113
106
438
840
322
91
626
230
408
302
550
808
244
417
383
763
949
440
775
883
262
509
587
659
179
512
457
680
796
999
234
109
685
58
777
944
306
294
770
356
839
853
119
503
945
494
161
31
917
492
951
976
128
129
766
69
674
477
27
10
803
524
648
369
486
415
623
190
812
812
779
513
67
657
391
751
806
473
419
505
820
256
48
857
879
93
518
682
781
254
432
147
470
915
719
411
446
138
8
815
143
652
892
221
299
165
550
273
398
288
965
878
515
945
587
671
799
343
414
640
206
509
716
424
740
778
747
287
567
58
915
330
722
363
174
726
327
556
551
557
632
708
385
844
605
14
215
865
626
36
415
150
808
236
634
762
44
797
838
164
553
812
764
704
65
76
743
754
784
551
870
308
725
129
799
146
652
742
318
964
522
539
906
624
637
857
712
550
375
630
421
658
630
806
567
400
810
792
419
939
33
345
30
93
804
99
975
77
977
576
717
586
624
464
20
161
217
194
672
188
401
35
767
391
565
62
763
535
799
559
542
716
965
555
424
66
515
473
898
868
741
51
978
818
633
665
222
363
272
806
947
61
297
258
914
934
9
687
160
255
604
594
967
790
19
35
382
838
718
741
568
780
236
190
66
944
511
894
550
296
91
230
489
892
461
989
153
892
755
476
296
449
594
638
847
497
725
808
633
928
10
400
789
900
956
263
108
942
998
741
645
221
163
86
855
998
336
770
42
886
408
553
426
513
824
143
819
664
418
356
72
911
560
209
863
841
884
383
696
730
643
544
33
759
669
460
854
394
357
688
927
115
34
335
415
506
498
312
555
220
740
166
286
396
972
487
689
934
253
151
516
184
333
347
684
410
610
307
44
83
459
907
115
819
199
612
362
793
999
893
323
96
35
989
757
712
662
243
205
141
437
95
924
410
184
88
521
842
120
744
331
566
673
12
310
636
438
214
887
5
637
815
697
267
927
433
351
7
645
781
644
53
895
916
172
566
839
425
991
999
176
244
921
163
960
787
886
585
632
907
689
364
183
310
921
276
449
40
169
422
960
300
940
204
75
820
52
657
472
584
19
653
483
67
33
640
937
817
578
389
906
693
213
994
596
806
845
45
956
61
501
361
42
433
358
342
83
197
653
330
387
164
652
367
618
439
358
366
56
400
546
979
300
756
641
924
574
356
4
924
237
22
141
710
502
850
417
704
851
518
477
843
249
858
232
358
976
222
854
774
841
99
865
87
187
716
77
547
402
766
888
366
416
235
779
539
950
556
514
794
128
240
504
377
869
983
861
416
138
245
251
972
694
866
873
569
883
208
716
767
476
153
39
334
300
484
541
261
563
795
285
418
868
920
59
410
525
580
11
818
803
56
574
4
421
281
404
664
532
125
114
311
970
292
958
574
889
416
140
97
201
363
554
266
176
526
569
325
106
252
505
797
637
928
58
553
606
728
626
367
784
277
243
996
449
186
314
82
18
582
998
494
311
670
193
757
917
204
106
988
469
900
992
623
865
797
498
393
282
842
503
964
937
369
69
937
87
700
752
978
278
840
594
409
999
946
573
326
536
748
64
832
635
11
542
57
711
784
770
16
736
321
850
511
298
272
202
273
689
761
548
71
834
303
686
4
975
91
238
705
403
537
739
581
50
626
854
671
333
641
162
805
481
115
573
427
915
73
558
222
585
162
890
322
146
599
175
792
972
374
42
721
516
164
571
991
181
909
607
437
365
173
326
740
247
545
138
209
204
64
667
227
988
304
380
17
39
306
46
220
120
312
334
349
472
981
582
637
978
93
379
703
477
574
976
310
60
459
392
95
575
498
859
20
114
341
165
561
297
83
17
547
110
858
355
724
157
933
742
282
262
961
37
538
687
104
655
660
863
770
691
769
366
796
906
135
547
414
600
943
879
831
195
305
194
273
825
594
29
924
840
983
218
704
901
496
720
233
797
201
275
740
91
492
738
458
863
849
266
300
611
648
533
26
130
386
611
16
760
825
581
834
697
983
866
98
976
74
482
103
632
566
607
700
681
247
569
920
311
789
777
577
838
706
715
499
882
649
909
806
303
390
806
651
645
663
857
45
109
82
718
764
415
440
353
39
452
768
582
337
590
533
307
832
926
253
96
661
146
236
780
176
9
798
595
783
902
827
201
744
657
470
332
353
162
47
333
529
668
646
965
654
919
796
421
466
608
598
56
6
27
939
829
355
892
51
716
933
551
884
846
469
488
928
88
350
182
11
484
806
770
490
481
616
745
527
779
368
880
231
122
573
342
537
236
188
814
754
934
940
142
30
473
918
741
970
150
716
133
76
568
187
577
500
476
162
36
64
246
365
176
744
730
31
959
911
291
95
507
644
631
915
406
839
699
601
776
446
340
786
420
707
640
294
468
98
833
433
819
438
479
369
133
699
803
817
628
841
647
208
94
302
296
882
691
594
381
890
460
394
994
398
311
189
739
939
663
463
14
248
558
315
133
471
493
190
383
626
395
442
635
376
237
647
180
700
748
143
449
825
497
116
968
127
784
992
364
93
864
826
6
455
956
608
778
331
18
411
207
919
450
584
208
953
423
636
708
721
351
395
443
74
991
603
526
563
522
42
669
847
687
267
876
63
688
13
481
395
172
550
244
479
359
530
985
23
117
152
277
921
72
792
509
219
95
885
504
68
190
977
15
748
939
861
692
625
363
205
365
363
256
765
909
900
297
309
636
549
802
203
418
142
590
305
982
920
873
639
645
647
312
464
910
378
498
549
688
618
861
332
1
285
431
388
208
977
646
488
197
922
17
7
612
425
95
373
106
57
27
652
814
558
40
642
592
622
850
391
867
899
122
998
165
756
983
138
316
679
462
127
129
858
106
333
87
448
63
957
60
619
472
343
763
288
284
340
884
735
241
771
849
33
988
989
845
941
782
825
205
649
560
217
178
277
648
795
982
992
758
190
593
847
152
281
920
918
139
363
660
453
813
899
393
915
880
716
924
64
575
528
603
797
69
909
81
589
794
791
286
189
71
33
898
608
197
691
274
846
50
835
365
277
74
63
114
759
642
7
466
860
816
527
702
665
269
346
446
395
801
322
912
473
134
331
76
269
831
828
877
849
907
414
560
675
262
587
886
170
170
404
321
607
154
269
260
797
819
309
810
675
445
387
119
599
843
187
470
227
288
868
820
758
264
57
584
413
800
733
539
139
828
446
255
265
611
950
974
894
273
475
160
49
520
214
916
54
687
796
327
450
246
854
131
440
116
414
311
28
448
737
886
227
111
379
390
954
271
285
512
836
563
69
204
66
372
861
927
38
764
989
225
949
523
601
248
686
505
512
840
477
809
296
364
795
82
363
338
112
866
320
473
403
254
145
231
846
365
488
393
672
749
964
533
749
169
338
485
749
970
579
241
522
844
222
277
754
810
929
153
591
452
855
776
496
980
403
647
295
315
778
293
166
882
497
821
857
844
922
963
328
172
530
447
881
623
215
606
527
829
557
74
655
236
859
247
466
681
986
409
730
148
747
313
629
672
997
210
264
515
825
714
302
430
356
747
447
841
836
975
618
874
784
803
835
138
992
16
180
948
108
888
921
489
721
179
487
907
625
147
893
384
845
718
783
960
537
579
365
382
616
357
960
965
232
619
964
235
748
876
366
163
978
72
843
751
147
47
19
51
488
585
684
700
725
492
107
28
472
692
494
44
828
153
408
591
427
78
157
98
50
93
7
549
652
766
928
429
60
43
147
95
458
292
280
673
697
270
162
639
387
909
784
100
310
849
423
870
603
822
218
914
485
1
197
446
16
965
293
374
875
223
182
926
295
605
122
484
109
131
263
693
901
909
489
402
138
989
547
34
380
238
197
86
688
214
135
689
807
526
700
197
276
866
694
660
512
353
548
252
816
571
607
458
159
286
239
979
301
327
62
663
533
635
763
162
222
85
914
288
920
850
274
769
249
906
339
316
461
800
106
330
132
684
189
4
392
784
120
7
254
590
6
768
413
414
298
654
46
305
759
757
299
772
316
262
289
40
958
62
327
9
52
624
654
235
991
280
142
889
279
634
108
488
968
889
727
386
342
607
85
36
81
173
571
960
500
831
258
672
485
134
158
356
503
559
981
642
871
132
758
60
470
530
864
375
215
572
412
799
170
67
616
727
667
984
953
757
92
352
706
450
340
998
709
994
879
7
155
630
470
564
131
545
85
573
385
439
960
624
502
74
721
587
661
926
228
585
162
618
256
55
481
722
347
379
922
506
134
76
228
250
807
236
500
370
960
988
13
413
808
455
215
692
401
678
463
829
757
595
893
947
928
630
810
569
87
312
417
915
572
966
887
628
164
340
809
479
50
256
344
314
344
265
859
166
952
706
146
934
709
259
13
300
325
195
222
438
65
215
968
68
509
883
839
104
680
446
568
864
314
831
897
263
736
227
283
989
814
677
288
187
378
443
337
789
53
846
28
567
456
961
331
714
931
367
757
475
496
83
385
64
946
507
243
9
391
211
647
320
609
200
190
666
852
991
628
939
739
696
365
75
522
946
974
730
542
539
44
812
842
275
280
922
446
681
663
847
625
44
865
832
925
904
13
746
308
538
359
813
720
533
668
993
951
707
520
937
377
14
17
32
619
528
985
945
415
858
205
542
164
599
365
765
655
103
720
692
482
880
559
245
931
281
306
369
591
542
435
399
736
781
583
47
679
57
674
509
559
685
166
810
205
507
65
47
737
666
53
357
715
21
914
656
208
151
929
739
797
517
777
299
391
225
976
847
978
973
753
88
915
248
199
748
140
909
494
322
677
613
620
132
928
952
83
23
35
721
770
225
485
829
186
172
425
964
