#seed = 707
19
621
648
952
344
528
767
547
475
678
2
519
907
941
541
571
858
676
942
314
115
501
479
42
650
71
287
785
442
100
887
997
613
701
282
974
663
450
281
724
672
470
455
248
567
991
410
378
628
287
507
455
103
423
635
848
466
84
473
494
863
396
627
896
513
184
10
465
644
683
345
311
616
297
7
356
538
292
476
830
833
414
60
426
309
130
163
325
945
925
549
824
884
204
549
989
205
883
943
550
446
451
652
826
697
106
802
893
611
777
675
8
44
881
484
645
290
980
38
552
234
688
41
843
731
760
324
610
97
299
326
232
220
376
185
586
358
367
327
616
598
507
212
206
915
39
301
340
527
879
912
355
627
85
347
74
794
37
42
632
90
998
66
16
981
461
108
150
154
846
396
28
697
560
798
924
342
299
15
671
313
85
551
752
805
47
588
291
337
234
682
952
108
341
836
443
620
296
691
516
310
300
39
783
430
214
306
553
238
743
728
841
952
384
336
402
426
796
178
2
15
716
941
139
306
433
6
206
691
628
29
823
291
667
835
717
921
533
933
550
17
445
498
779
304
219
475
356
553
673
433
758
614
371
254
74
916
890
188
607
555
375
471
597
712
659
736
718
51
372
973
810
28
597
342
810
95
58
494
268
148
826
144
757
101
424
854
649
562
940
678
499
561
91
664
554
732
460
434
846
219
767
993
433
456
111
651
27
478
50
194
979
161
105
693
408
418
884
666
836
796
822
632
760
540
769
870
376
937
340
26
169
485
475
993
584
768
981
392
803
599
824
887
113
949
473
54
514
726
714
326
532
584
703
919
891
346
444
139
826
31
402
965
828
524
294
200
771
338
449
63
608
444
904
105
35
867
498
526
796
449
888
903
175
516
312
988
767
103
51
336
600
535
964
192
452
545
68
258
752
764
392
815
953
389
641
809
669
599
706
141
806
84
494
618
667
589
906
939
719
612
504
459
501
564
963
675
383
535
365
583
776
422
68
34
677
255
465
292
822
688
340
359
800
236
85
170
366
102
693
777
277
991
37
501
117
784
318
908
636
424
306
318
436
716
628
420
655
826
550
981
904
507
456
652
134
536
465
348
524
229
639
501
183
233
224
867
545
217
530
107
429
66
642
799
531
540
204
790
12
172
817
666
286
51
522
994
900
857
94
615
554
923
368
564
239
419
168
915
259
540
505
433
55
609
342
769
688
703
204
583
377
669
723
657
934
772
68
72
267
218
260
851
584
989
843
704
80
399
475
100
414
492
421
484
526
598
877
509
932
461
678
338
250
316
121
182
602
331
922
696
744
796
237
248
424
387
722
178
601
757
460
306
158
865
841
858
988
824
284
560
899
418
557
541
806
747
625
632
782
350
707
29
388
298
55
666
790
947
872
501
16
579
739
467
365
337
83
429
36
386
369
421
624
144
729
359
790
356
77
38
194
524
328
453
159
383
655
668
187
225
629
245
635
572
97
632
271
437
688
84
613
802
904
905
458
443
223
454
610
844
776
935
786
672
787
392
555
566
477
222
937
974
469
912
366
607
709
256
940
631
785
560
438
128
683
536
393
744
337
999
872
69
940
23
99
770
590
619
357
997
727
888
189
983
81
728
566
310
370
929
441
458
2
444
325
936
262
733
313
7
891
980
250
870
204
679
919
255
770
44
705
304
600
755
347
985
77
546
590
127
523
333
18
488
391
478
923
894
527
512
448
887
461
211
249
28
604
405
748
781
387
750
247
36
259
476
534
805
605
317
361
820
221
712
757
188
964
638
748
899
991
101
77
515
91
342
806
471
67
414
46
392
154
699
810
389
190
233
281
410
367
455
640
600
424
63
682
78
507
498
886
838
43
992
483
685
897
886
382
336
733
18
673
212
646
65
70
686
790
633
985
495
192
124
531
353
208
199
889
275
110
932
165
805
422
437
731
174
107
183
987
620
654
890
511
547
754
627
271
576
629
701
937
425
156
101
12
176
476
246
455
91
523
888
616
659
211
97
664
228
639
565
780
477
257
895
739
697
489
193
992
271
800
605
380
990
661
554
225
599
948
90
218
293
300
657
616
750
548
483
458
822
599
542
785
360
43
965
406
350
202
900
907
110
887
94
317
430
1000
161
742
200
169
847
719
308
395
54
212
418
22
158
500
575
902
482
775
473
827
296
612
20
772
79
945
843
826
26
472
934
961
670
124
235
714
711
8
20
55
292
445
901
747
407
145
336
323
123
143
888
602
180
765
732
520
55
223
285
862
317
56
196
579
558
126
960
601
564
106
574
8
655
68
354
891
792
98
786
300
688
609
711
960
527
268
192
20
445
761
609
621
41
457
178
883
387
433
990
933
936
990
410
702
986
829
569
405
913
831
788
228
365
289
362
864
40
521
304
923
82
247
502
912
939
109
601
960
74
196
677
949
123
351
874
792
897
263
585
622
598
508
398
255
741
829
933
71
847
820
376
792
514
931
825
591
890
973
674
984
514
941
197
576
688
581
685
296
484
328
955
932
372
906
381
821
113
465
501
574
597
58
890
185
724
205
372
36
847
549
197
821
698
867
787
35
363
87
133
867
481
332
771
163
494
308
699
308
309
12
275
943
969
517
884
472
382
501
675
443
441
111
213
126
796
756
345
409
994
329
615
53
759
961
333
875
945
377
175
831
786
807
241
281
852
246
260
285
412
424
636
572
187
654
583
456
998
22
426
449
34
304
955
217
645
365
786
342
779
568
507
538
278
942
995
957
656
203
465
580
496
183
757
797
665
192
706
249
610
498
663
702
679
903
140
535
724
146
860
539
141
400
252
197
797
844
30
155
887
870
967
3
17
538
442
859
377
407
995
619
376
735
571
381
721
708
547
811
741
603
875
546
565
258
103
520
725
416
220
177
97
152
60
360
433
277
587
439
103
232
208
193
181
922
294
348
168
938
860
974
697
842
175
824
118
903
628
38
359
675
879
202
421
460
75
15
697
569
755
816
890
118
435
922
293
186
655
168
35
913
125
446
358
459
939
287
957
20
736
782
412
194
681
629
794
173
187
172
235
189
408
460
576
575
91
801
541
658
792
993
670
536
239
793
158
511
266
616
794
295
822
768
253
923
950
824
903
236
510
170
982
935
160
57
941
187
481
814
673
142
78
375
522
964
906
336
275
727
375
260
731
603
403
862
494
899
718
623
757
444
527
925
818
226
770
626
88
216
780
583
137
552
850
359
631
575
68
734
810
853
978
633
781
816
88
216
284
832
123
232
31
989
867
606
497
876
19
969
944
432
743
966
147
600
224
519
903
995
248
471
62
187
944
907
864
270
827
671
512
75
557
126
555
705
77
188
892
1
605
511
389
648
804
14
70
761
503
621
233
708
260
230
486
444
399
830
631
91
189
359
265
192
532
472
352
981
342
726
458
943
33
6
152
945
421
543
450
923
587
111
313
899
584
616
424
979
918
287
90
745
839
498
967
820
158
216
300
882
180
161
164
297
243
911
47
802
210
488
367
457
759
137
915
708
511
223
957
621
306
60
7
117
417
617
260
505
755
860
124
880
204
93
227
358
870
362
413
630
300
781
330
339
827
106
486
569
507
456
930
328
362
23
648
110
389
22
857
293
526
758
988
282
469
581
178
286
2
122
545
306
38
915
456
430
954
16
75
357
985
779
475
860
467
749
224
873
653
751
637
266
493
876
193
718
533
436
626
881
333
310
523
176
847
132
772
683
621
720
471
924
742
983
998
444
767
738
705
629
994
661
118
856
925
957
387
978
543
709
732
668
673
768
671
348
959
913
13
400
467
93
479
625
269
247
113
597
943
849
439
3
846
85
165
499
691
27
769
580
354
971
659
903
290
391
657
925
596
910
856
243
322
133
589
236
32
500
972
20
264
279
404
637
820
675
123
453
289
164
661
227
361
778
622
916
452
97
219
738
580
838
255
676
317
492
771
620
753
492
439
510
495
765
320
44
845
189
377
514
665
365
378
979
49
427
793
757
118
592
10
688
164
238
654
229
697
817
400
497
900
68
53
179
919
347
410
113
134
301
150
60
339
345
959
9
797
329
4
171
635
894
14
508
745
942
733
2
839
677
854
681
271
368
972
359
271
481
386
519
306
239
897
440
387
188
573
819
770
411
71
851
631
403
289
135
164
838
547
501
637
853
760
370
534
289
527
970
27
54
973
36
184
517
573
495
848
409
495
707
457
307
844
848
436
142
301
552
381
430
470
430
171
194
810
423
926
895
472
117
963
239
742
743
785
667
546
808
673
898
540
925
827
735
954
444
659
28
307
527
130
755
265
901
321
153
155
952
485
34
271
950
463
534
818
898
519
457
930
419
189
405
512
523
894
355
305
242
97
547
828
723
920
30
742
912
149
204
876
489
301
50
222
261
867
388
364
538
652
299
723
459
872
949
718
932
791
907
393
506
608
787
696
116
423
408
97
26
758
573
159
866
679
562
504
413
923
142
780
281
387
39
13
631
373
620
480
444
793
379
92
467
225
594
787
731
782
591
517
203
735
117
891
290
884
596
407
334
279
149
674
721
472
499
195
778
744
682
73
152
115
435
752
293
161
902
455
487
261
112
457
135
630
369
499
80
246
410
528
920
592
877
89
212
903
920
98
620
615
17
523
296
997
105
202
786
972
528
5
278
931
590
414
571
238
796
879
777
212
761
659
778
370
650
576
316
498
714
514
329
466
62
293
875
726
883
50
847
84
619
819
252
333
832
303
928
516
111
48
558
215
33
434
502
212
248
991
378
101
108
946
760
463
626
115
552
172
506
538
694
970
461
566
755
620
958
246
250
224
226
798
952
812
60
792
770
652
391
80
33
297
11
607
337
566
541
675
461
27
391
454
918
752
359
64
204
754
776
884
892
78
472
466
364
254
143
336
959
25
328
269
492
78
798
68
364
195
355
482
457
220
159
186
407
692
290
847
117
132
868
367
131
783
560
451
676
982
679
350
997
821
430
784
528
524
654
352
614
839
776
843
320
304
509
59
721
844
429
777
166
983
636
948
545
601
315
185
171
407
266
409
747
120
258
592
617
671
927
203
193
504
66
228
209
134
93
766
501
237
893
76
190
580
418
684
97
202
763
85
322
58
334
472
991
430
690
923
924
453
203
606
402
590
874
419
402
500
23
371
397
878
277
710
171
816
390
297
69
820
74
273
960
215
788
823
771
900
77
460
385
195
635
463
295
427
972
707
994
209
725
737
801
116
177
979
970
111
562
918
274
251
267
783
506
511
479
89
191
822
845
586
288
259
47
688
546
602
421
70
908
136
174
146
946
562
260
815
434
341
980
146
200
496
959
557
960
312
824
917
372
167
385
468
550
180
212
30
929
427
430
799
803
504
550
505
844
345
281
919
406
286
899
876
479
210
100
421
299
477
648
111
389
302
326
714
888
658
551
705
923
640
515
827
872
161
616
114
390
547
113
473
458
91
739
335
876
641
784
373
973
767
897
727
76
143
329
865
743
577
371
570
189
439
147
948
842
507
251
306
721
922
645
63
463
1000
736
220
733
30
576
140
415
25
116
464
289
440
345
733
549
285
876
502
704
990
15
860
167
949
5
95
977
537
336
172
428
772
325
885
165
433
572
872
781
747
632
887
3
888
146
585
151
994
919
270
815
937
339
14
301
904
773
541
519
788
755
923
690
66
107
219
779
316
779
732
468
543
53
300
223
359
466
646
623
33
586
732
532
741
115
714
73
459
923
116
127
370
338
877
760
234
552
360
194
719
470
834
346
795
392
698
783
444
15
63
930
254
730
44
47
422
667
82
481
681
803
395
995
919
985
873
109
747
606
268
904
403
466
891
991
166
327
691
277
588
99
687
415
892
364
637
850
583
480
955
520
593
375
566
894
988
715
202
777
199
971
4
959
567
500
944
140
778
391
153
154
654
88
366
173
811
738
771
315
591
49
408
908
824
40
412
353
39
958
293
707
385
220
67
49
143
274
274
627
708
568
363
796
894
76
837
1000
99
466
318
959
213
423
687
839
384
268
382
530
878
944
369
909
173
679
723
708
380
39
688
421
878
609
7
761
1
649
936
355
800
384
435
394
745
681
133
508
36
120
394
617
330
165
988
403
616
492
655
884
568
694
311
579
730
762
15
709
79
8
529
881
421
706
73
181
556
247
821
94
927
244
419
495
950
195
107
802
108
828
665
320
156
853
207
392
219
882
8
873
966
906
99
148
900
956
978
921
139
675
744
928
677
345
558
888
751
281
50
221
977
238
248
639
427
186
549
542
686
10
519
995
984
594
96
152
134
871
981
504
701
673
643
447
362
244
116
625
453
975
246
695
664
990
951
286
705
95
875
897
942
784
465
459
879
408
825
236
38
736
61
890
707
914
685
797
161
665
355
928
35
813
808
78
952
172
573
104
790
409
449
606
359
601
346
76
330
521
233
755
414
328
661
98
269
640
730
233
51
993
442
784
889
414
7
903
102
988
398
181
223
316
955
228
658
591
237
450
827
581
960
713
802
754
520
104
90
3
172
829
966
65
869
141
980
867
564
750
313
707
31
722
763
125
63
22
34
404
88
520
561
850
38
59
190
431
288
736
683
64
645
617
617
284
531
611
776
952
562
58
560
169
555
123
478
344
462
109
37
692
738
223
813
375
313
265
978
800
232
704
165
250
904
819
985
553
17
826
4
902
861
627
604
976
236
86
634
871
508
813
221
875
141
83
739
207
842
890
319
677
754
675
515
469
623
634
4
494
812
873
67
792
905
948
868
471
680
692
437
884
912
80
497
97
178
959
269
687
809
194
276
238
722
49
620
132
851
639
902
92
745
380
175
682
49
920
779
140
287
605
371
322
237
693
592
296
746
590
579
442
454
591
387
448
725
283
998
714
172
362
887
778
754
495
399
374
933
421
604
673
320
107
918
368
368
94
725
711
144
8
872
127
347
444
325
753
721
170
572
930
293
707
269
90
159
550
559
777
423
428
682
434
124
521
661
560
39
909
120
809
734
654
172
94
244
379
993
589
652
878
877
350
643
768
281
319
660
87
776
717
532
312
439
63
271
621
117
298
911
330
606
210
407
922
150
326
383
346
748
6
705
397
333
574
632
845
744
411
573
441
978
464
337
274
980
615
419
101
255
418
874
401
441
663
911
312
348
869
196
182
217
314
920
410
222
875
962
956
758
158
109
904
242
683
763
547
352
157
682
616
782
967
503
179
769
917
574
627
76
347
659
179
858
257
33
893
916
934
936
400
999
450
143
883
65
521
932
50
157
568
590
561
693
763
78
934
554
108
916
316
142
364
614
734
342
12
782
15
701
76
720
204
369
938
323
515
409
70
977
192
995
823
769
358
256
747
102
603
23
308
81
21
8
70
668
213
305
323
255
825
947
626
244
887
569
935
861
241
269
546
110
304
778
225
29
786
504
302
185
407
458
735
457
726
874
465
75
144
949
906
684
594
885
340
545
400
393
433
894
614
223
50
205
724
572
299
307
683
189
334
520
5
557
382
465
472
830
260
469
461
670
720
976
972
523
702
686
382
581
59
305
956
109
508
597
714
2
837
674
324
979
390
414
167
921
13
762
729
778
756
821
517
581
79
815
100
846
164
337
103
546
586
219
456
477
91
266
127
322
99
544
499
714
569
515
689
331
905
820
424
479
928
523
880
389
275
504
976
473
751
732
184
822
351
275
829
233
227
656
114
543
334
216
86
347
237
606
191
299
81
540
216
352
999
345
929
632
218
646
117
703
788
355
445
32
924
19
309
160
954
944
647
489
395
755
248
408
756
425
874
77
995
587
291
58
738
707
529
469
180
853
309
428
145
138
603
521
836
412
416
972
873
889
686
429
505
750
182
579
778
939
586
652
53
269
2
982
178
81
625
313
803
217
68
808
468
153
999
310
377
71
980
599
783
88
622
414
229
535
844
475
1000
257
756
211
888
122
896
720
771
907
474
682
939
98
158
295
600
714
887
780
188
834
908
447
935
560
381
933
495
255
8
354
389
277
230
808
928
216
902
879
127
910
645
945
741
552
20
68
701
776
837
198
111
191
254
411
983
555
383
145
719
456
522
373
249
895
657
860
100
382
666
233
963
849
468
630
696
404
381
447
487
526
633
126
569
633
999
714
823
578
235
692
962
640
48
522
893
727
873
860
740
629
601
913
760
130
154
803
497
38
835
135
168
329
174
747
682
584
453
580
368
365
804
764
868
279
563
323
9
587
845
126
936
368
256
522
432
900
703
194
268
213
570
323
970
730
877
927
811
150
258
285
537
86
448
276
381
191
601
44
325
930
615
724
99
723
761
109
25
249
622
879
689
638
482
546
626
663
5
231
570
606
317
457
617
186
871
908
455
88
600
211
651
212
341
30
430
309
17
455
802
718
909
711
100
572
475
928
67
176
809
967
82
987
898
136
447
780
385
873
607
352
473
345
897
691
810
128
447
880
637
478
731
45
898
434
587
567
316
152
902
32
571
558
135
118
418
134
744
367
622
20
691
361
730
828
698
591
343
381
471
540
478
159
477
313
547
478
578
159
635
194
285
329
207
394
610
797
565
251
987
492
293
754
986
970
880
370
260
84
388
867
458
444
386
592
197
612
225
926
568
371
741
377
432
79
615
666
440
499
163
193
560
111
926
341
203
256
731
470
201
601
688
439
35
687
779
614
773
611
796
773
216
268
920
993
291
514
62
476
117
221
407
823
621
571
53
161
975
235
186
821
738
725
407
883
936
953
788
42
32
756
571
190
970
471
113
364
181
858
499
739
604
658
931
169
312
492
440
507
502
961
804
85
827
181
69
72
259
194
113
973
998
219
289
634
929
95
413
138
362
659
611
127
954
11
667
334
6
550
917
523
853
536
54
184
441
236
911
493
614
63
494
375
651
418
964
461
366
677
155
842
78
251
401
197
623
724
725
46
758
115
961
46
1
911
770
857
157
774
832
117
607
838
407
429
864
844
803
791
874
947
884
255
996
369
479
649
531
62
772
682
68
801
430
913
461
302
277
741
968
247
100
324
987
483
747
119
59
260
839
804
261
741
439
176
642
269
8
16
659
275
886
641
609
178
186
973
88
86
942
401
139
232
674
130
142
319
447
673
388
510
387
472
834
193
103
492
713
985
811
554
57
680
890
561
32
235
822
173
466
418
359
349
938
203
555
552
834
723
48
833
864
65
815
992
712
356
313
183
137
431
69
110
498
5
662
295
693
41
713
743
313
388
436
501
494
784
878
505
396
766
635
985
828
735
917
472
141
472
102
752
564
204
721
319
628
228
44
331
478
363
658
333
335
936
483
950
280
340
349
694
845
372
383
681
387
456
574
73
912
662
303
781
646
50
89
117
35
826
889
787
963
345
158
85
646
190
829
92
239
746
514
921
553
993
514
92
624
814
860
986
937
571
684
119
512
508
887
153
698
791
554
275
640
608
773
244
616
360
394
780
831
424
648
50
669
201
189
190
291
98
559
833
408
88
384
585
172
803
363
970
821
904
373
413
75
644
371
128
48
633
1000
71
611
91
649
501
535
273
992
246
116
150
723
286
439
635
381
567
50
524
992
858
844
503
747
241
159
482
306
961
353
821
843
69
40
700
863
75
100
657
346
801
119
405
390
445
481
643
219
812
773
588
621
8
283
845
560
342
378
957
564
930
875
185
370
444
92
17
606
229
469
510
213
663
875
784
711
936
382
442
977
513
682
137
219
952
351
48
368
381
809
64
638
962
643
560
936
518
525
406
180
346
300
551
836
538
197
204
490
892
647
897
469
18
422
829
377
456
860
660
962
171
427
438
588
582
518
737
866
368
622
112
612
122
890
923
710
913
98
46
693
140
271
222
425
591
643
167
81
364
776
232
629
380
537
526
631
719
918
179
212
572
772
479
124
765
735
675
601
224
557
117
386
253
568
985
269
674
59
1
490
816
28
742
798
351
394
961
897
745
64
806
87
682
562
99
862
156
639
543
170
634
704
553
534
46
569
485
189
218
241
135
698
391
913
558
530
240
351
7
258
14
345
627
938
295
868
129
643
606
793
213
823
429
788
767
817
851
207
347
927
517
552
978
344
439
515
82
130
148
326
237
46
892
617
532
951
941
967
857
262
808
565
289
335
278
181
609
818
240
661
762
694
616
204
878
137
131
894
855
980
583
599
87
189
56
934
947
432
475
498
916
176
664
411
807
102
664
15
498
643
736
314
361
753
822
19
230
740
828
289
2
988
953
790
756
584
946
735
292
647
774
296
836
646
474
441
134
613
840
37
28
858
27
1
401
361
803
142
964
774
422
604
664
228
74
65
871
436
175
528
598
739
21
892
126
9
12
214
394
438
168
946
361
922
235
334
816
178
998
338
180
905
707
257
656
517
621
707
381
680
576
161
301
286
861
948
673
621
538
354
569
990
682
291
654
132
465
619
990
359
810
925
859
314
658
951
497
896
668
44
330
681
8
656
858
862
428
974
802
618
495
32
713
972
702
284
32
729
574
190
740
113
214
622
893
63
525
552
720
406
406
382
100
107
162
742
935
187
401
907
947
815
587
293
620
890
719
111
218
608
156
335
483
686
265
876
330
188
588
280
858
767
473
508
503
51
387
714
384
196
344
322
680
526
772
426
455
136
841
569
709
915
852
986
112
683
168
894
959
698
599
611
219
24
108
9
998
70
305
721
507
939
993
716
738
860
672
87
713
342
581
171
133
314
703
52
884
79
845
408
280
964
672
813
22
587
434
57
376
40
705
226
402
553
660
24
504
582
631
354
768
851
981
260
47
714
745
820
276
813
120
110
830
227
855
704
600
602
579
107
346
295
373
326
920
878
40
570
918
46
549
732
162
726
513
455
552
110
514
705
850
870
210
726
976
218
168
965
410
529
131
234
50
448
932
295
541
435
117
562
916
995
65
25
475
670
42
144
48
505
246
679
164
222
390
440
475
461
422
459
584
816
481
832
793
150
217
832
529
445
568
803
734
619
619
600
660
714
128
931
169
689
95
394
265
512
345
766
116
913
701
66
526
645
871
995
407
773
416
194
460
319
560
854
78
575
195
221
350
807
11
58
892
380
432
691
756
84
699
911
299
660
310
193
118
27
679
722
718
842
445
365
672
532
798
843
865
392
830
968
675
912
453
870
801
744
571
270
477
891
326
260
274
626
832
41
973
204
969
72
108
671
849
539
626
90
404
232
840
601
638
549
289
855
369
836
481
217
698
144
865
744
142
182
894
789
696
161
383
148
524
660
323
492
792
80
566
338
543
835
97
880
383
327
143
597
420
248
357
410
806
837
817
131
984
381
317
436
556
577
798
138
755
267
234
201
137
47
927
785
51
489
839
890
