#seed = 909
211
680
407
665
835
219
243
10
782
640
297
385
690
417
527
500
243
476
635
435
821
745
965
570
66
688
626
755
399
868
240
141
804
151
541
670
47
69
968
4
593
619
376
646
135
52
928
722
274
733
197
116
694
224
140
45
299
491
809
866
270
394
18
239
530
607
679
208
150
830
632
735
133
138
11
2
351
926
206
681
259
417
805
403
19
274
588
300
405
12
286
273
278
900
665
257
518
436
25
941
501
601
872
500
338
12
197
647
159
933
858
697
567
897
98
811
63
117
536
417
395
336
568
809
233
329
900
977
782
495
210
318
866
34
468
699
227
134
156
283
67
481
596
355
884
977
113
605
453
833
448
245
420
872
458
762
142
101
129
579
877
76
650
25
665
739
303
851
996
495
584
755
149
301
586
419
61
779
382
601
793
733
658
864
687
808
118
477
509
592
272
747
285
867
279
210
295
859
88
270
216
899
279
285
433
493
344
375
346
824
507
76
215
297
627
7
98
612
762
419
148
442
562
669
149
857
674
785
656
165
438
590
476
365
278
23
250
787
564
432
835
382
604
532
28
497
759
838
30
886
132
810
969
521
452
151
218
545
457
33
599
552
526
119
188
289
992
707
733
978
658
492
261
249
805
17
786
892
689
936
469
367
347
453
260
747
534
1000
897
273
334
94
43
399
811
849
573
345
717
949
258
657
515
254
134
909
842
448
958
815
655
165
254
603
400
227
546
864
328
706
481
619
199
794
103
14
277
173
441
177
11
357
601
340
797
738
83
364
159
722
694
594
326
898
616
763
438
634
16
905
637
911
9
496
603
349
489
699
937
357
149
987
649
857
598
660
109
741
687
933
520
744
570
257
76
805
713
123
760
207
271
168
479
421
938
388
713
910
913
869
763
133
685
402
438
966
91
500
348
477
655
944
952
234
964
281
688
310
612
857
215
632
488
210
894
138
974
426
256
478
570
855
126
618
584
745
889
565
995
707
903
121
47
901
537
21
51
188
153
72
37
234
694
849
341
992
317
66
852
139
890
239
454
563
524
48
291
135
228
179
299
744
212
376
99
835
628
984
905
511
194
607
436
688
96
573
344
760
660
31
770
993
905
675
133
711
242
414
640
551
437
575
4
3
286
278
821
360
240
592
859
378
18
250
702
445
863
779
583
899
627
461
870
925
685
217
316
754
429
681
961
123
367
828
113
439
620
760
714
632
478
542
761
137
876
974
111
605
276
362
633
759
30
706
874
666
632
21
858
977
414
703
403
450
397
342
490
210
628
421
353
632
43
900
210
538
891
656
28
722
243
567
658
746
87
465
825
191
386
892
725
559
872
662
120
748
543
844
555
142
667
308
443
966
705
163
280
124
256
202
627
77
77
387
249
103
800
376
408
150
874
983
586
767
970
883
694
903
210
824
739
325
528
439
988
822
856
838
906
491
637
497
924
19
942
717
213
281
665
989
369
752
977
178
748
828
283
878
307
819
114
128
389
278
655
92
96
801
638
171
976
326
978
420
911
895
226
895
989
921
901
319
856
46
107
2
914
343
798
396
875
964
903
938
584
609
451
804
560
593
669
674
242
17
744
3
510
557
281
116
830
47
842
302
209
653
612
609
238
258
793
655
172
2
612
495
583
840
521
653
457
516
162
452
916
792
465
399
670
382
486
451
19
199
535
30
946
326
857
424
345
759
727
473
780
354
262
142
959
367
221
13
749
661
281
438
868
528
353
580
202
788
326
37
929
676
361
802
572
758
522
261
730
44
801
409
97
249
354
689
611
910
108
592
493
109
797
114
908
691
326
796
699
568
12
390
633
775
491
258
180
800
244
599
808
406
733
962
968
843
136
847
384
543
184
648
707
172
943
474
336
889
595
558
284
927
479
35
536
482
854
953
961
464
958
907
445
370
28
877
923
877
226
428
793
624
130
64
368
38
278
155
765
841
685
346
495
313
424
156
52
963
54
92
260
938
155
268
602
878
672
476
49
435
483
532
343
477
240
64
10
484
680
108
143
189
363
846
622
132
295
785
143
956
942
559
314
44
221
655
20
27
388
384
423
585
400
151
72
942
846
737
968
991
764
994
282
43
37
442
978
428
587
901
710
730
376
166
931
50
550
332
145
705
802
763
321
765
358
616
860
549
989
877
923
791
882
698
95
105
431
981
101
517
873
315
271
909
352
738
610
270
721
910
951
617
170
545
360
248
496
538
105
157
224
905
401
620
525
41
183
162
783
137
591
559
87
982
277
946
888
373
415
252
953
146
586
985
942
694
772
982
558
878
276
380
404
544
516
608
857
285
461
743
537
903
924
548
733
169
331
322
566
696
624
488
740
8
203
735
965
441
419
675
69
621
813
619
141
726
991
705
94
244
793
232
452
171
130
341
937
218
526
307
258
583
748
132
902
341
311
354
395
320
870
171
742
926
306
298
263
104
903
953
186
941
227
104
465
971
23
923
655
412
230
56
583
109
648
284
256
61
75
60
331
95
583
572
148
873
464
641
564
50
934
836
318
864
885
946
654
601
324
31
69
269
756
422
776
239
477
979
896
303
253
271
560
418
840
466
397
84
918
20
487
588
458
473
879
460
143
575
817
910
346
524
303
698
984
899
38
621
858
397
803
622
689
118
399
811
985
719
720
278
999
18
801
320
471
533
136
321
702
847
783
381
546
839
898
210
987
200
865
792
253
645
401
408
450
4
80
382
767
980
460
277
404
345
304
465
405
767
404
460
170
981
722
837
185
80
731
439
108
590
201
711
367
304
248
321
95
776
546
640
84
11
75
720
32
352
298
734
272
704
551
169
75
367
198
109
793
867
468
144
112
471
635
488
864
817
649
127
865
451
440
594
299
810
178
878
939
630
653
412
426
754
915
346
798
659
497
920
886
888
363
570
252
329
924
638
12
612
654
663
389
930
262
448
469
677
396
888
817
546
564
913
552
440
299
182
486
746
40
749
132
840
427
389
110
777
813
39
998
619
134
576
423
944
402
935
859
200
57
634
610
525
6
30
312
143
930
277
436
689
720
618
135
781
292
75
796
145
278
73
570
387
359
949
141
229
58
410
920
520
707
826
107
196
323
384
100
256
132
400
195
954
916
117
162
967
775
172
182
921
181
264
408
419
262
272
114
413
225
304
28
591
935
497
947
414
79
481
802
623
939
818
364
879
600
930
86
980
853
879
170
971
949
414
720
35
798
956
5
527
555
659
63
49
43
92
381
494
837
824
816
868
999
127
756
900
792
389
414
557
321
62
942
613
119
600
412
610
932
778
655
355
306
974
841
875
828
337
391
826
206
310
705
184
979
86
377
859
362
796
987
630
479
239
442
43
913
345
430
820
354
631
641
488
610
391
119
769
6
175
569
484
365
452
171
484
515
530
581
824
185
229
534
554
721
709
596
184
656
464
106
340
29
542
597
975
201
716
527
194
854
683
500
205
391
715
509
477
28
209
440
165
385
488
663
483
115
889
797
878
880
762
744
789
136
433
769
147
577
618
909
973
505
380
92
493
668
163
38
771
81
337
779
790
112
2
208
202
960
752
385
22
355
24
370
798
861
222
243
691
722
494
610
548
638
413
906
722
478
961
90
59
751
11
714
468
201
362
722
558
332
429
161
631
524
233
874
284
306
715
798
51
535
359
359
514
786
51
271
269
773
251
345
418
96
526
549
995
822
646
242
626
244
97
922
943
159
409
61
2
348
71
985
332
36
192
598
229
162
693
336
489
352
693
35
226
568
807
109
352
531
472
661
651
699
184
654
517
417
980
228
995
315
941
621
920
60
465
577
34
672
871
971
797
733
668
949
654
286
838
125
200
616
285
810
932
609
45
92
363
763
664
250
567
126
689
452
730
761
642
456
769
157
666
148
967
651
525
474
326
893
377
230
249
900
458
119
664
488
476
497
240
935
620
358
802
349
838
356
167
429
571
648
466
528
813
460
126
589
794
295
481
769
542
202
270
81
589
749
914
333
838
444
877
113
411
187
612
5
466
202
917
734
467
422
610
725
472
136
48
323
921
661
623
33
828
877
301
642
227
716
656
513
791
65
389
552
424
280
977
586
439
696
492
873
369
517
554
897
830
621
217
390
822
941
383
651
590
207
503
278
122
655
213
711
37
976
904
955
71
534
413
350
772
965
587
629
682
646
21
13
977
939
958
630
491
905
728
814
645
244
470
327
507
458
962
829
867
287
552
686
258
958
771
963
154
669
268
530
859
968
629
102
256
538
840
38
221
944
181
754
929
227
987
956
328
364
561
487
816
515
511
266
995
212
475
808
975
388
633
582
40
926
736
671
460
580
802
405
454
459
789
607
990
709
346
182
970
79
373
994
222
47
655
750
299
601
849
502
58
130
488
3
684
311
386
813
182
400
414
511
531
716
212
962
653
173
503
498
409
137
849
666
625
127
584
659
211
734
63
480
384
939
514
668
293
155
129
454
650
197
580
964
620
118
344
552
361
765
643
311
412
653
106
923
828
526
760
25
321
988
698
126
890
29
263
87
135
126
2
291
7
451
749
224
907
915
191
623
720
465
390
557
612
328
653
619
355
452
175
193
370
149
551
959
93
90
510
340
228
522
145
709
260
110
808
243
22
309
446
366
815
579
106
319
723
710
536
626
525
19
558
445
434
902
514
310
792
919
271
179
505
765
116
813
428
122
298
71
507
397
867
271
910
129
26
91
76
894
882
416
771
249
483
264
959
652
616
831
91
269
274
616
227
303
561
625
362
948
146
936
129
925
236
42
791
174
495
706
543
983
365
975
970
769
484
198
107
475
574
23
373
189
326
510
58
782
17
956
402
314
86
453
639
629
2
409
218
460
92
584
719
178
291
824
290
887
94
555
610
987
951
565
876
736
827
895
392
197
522
501
310
100
432
649
512
673
370
151
938
971
687
102
346
567
618
769
388
745
771
660
991
809
930
397
517
89
854
562
285
894
358
474
76
243
888
266
963
92
327
586
1
192
713
722
104
688
959
725
994
95
292
289
500
349
772
696
42
675
405
91
758
582
71
619
271
67
516
864
658
697
461
180
233
135
207
741
398
821
937
844
680
193
97
174
960
375
233
61
280
577
929
643
190
133
923
672
494
171
308
188
312
834
130
41
770
829
948
549
286
846
61
142
917
438
637
496
51
883
498
226
584
390
84
962
687
202
622
511
663
206
800
607
625
570
615
870
610
936
208
305
36
950
182
926
485
61
452
362
819
971
657
880
201
199
477
187
319
196
185
219
164
783
128
735
802
171
666
612
92
257
486
129
56
755
258
846
167
121
430
523
615
201
853
776
659
196
714
636
660
522
850
29
603
371
966
770
416
954
491
302
211
83
382
349
897
669
457
104
812
197
188
701
188
105
118
393
434
180
652
445
460
508
719
28
144
461
677
438
295
493
6
973
945
294
632
245
516
58
690
396
371
975
369
89
828
950
100
790
929
89
926
295
649
902
496
213
248
957
256
816
516
821
853
84
854
267
986
407
259
763
963
314
179
373
137
471
533
931
458
265
246
954
329
156
430
762
476
333
83
755
41
873
291
19
880
76
278
431
855
264
82
132
761
405
56
938
174
886
617
85
426
255
228
502
473
1000
940
746
498
242
34
152
444
300
286
857
701
948
560
326
101
946
782
194
623
864
767
893
686
599
321
497
42
473
728
983
492
792
604
451
438
10
312
755
117
325
447
247
244
246
65
174
302
609
808
494
933
785
648
658
467
441
318
51
115
146
221
172
888
365
987
417
574
383
284
220
883
51
649
13
645
826
709
384
668
570
601
419
327
198
37
174
412
68
364
97
565
997
192
525
304
94
160
66
803
468
13
942
641
789
686
298
345
583
166
233
220
869
904
913
529
70
386
903
540
721
968
480
358
762
80
383
705
864
965
18
825
123
143
693
973
551
843
149
188
776
983
542
392
457
896
166
585
596
485
193
387
221
578
944
662
446
734
325
876
158
852
543
519
371
663
780
460
70
412
642
211
496
754
155
226
836
382
633
608
868
17
779
268
87
40
760
193
961
717
59
749
151
89
733
838
698
129
974
500
318
584
540
93
736
932
967
997
327
140
618
477
984
268
371
130
974
487
41
339
604
28
183
521
23
880
689
95
555
239
397
491
30
268
679
131
554
684
395
899
951
50
174
289
731
492
463
71
401
702
75
436
849
897
836
391
947
255
316
657
318
682
583
475
642
55
32
575
132
46
609
816
844
15
815
216
470
389
328
620
726
169
317
201
135
294
956
669
220
375
88
411
793
468
923
710
680
764
390
791
650
481
678
376
441
761
419
3
112
130
703
562
84
891
162
19
11
704
254
872
670
852
191
811
7
340
176
965
14
897
355
23
894
333
455
878
431
265
391
30
737
874
275
471
902
664
251
4
463
574
618
504
591
284
198
168
52
809
383
9
54
525
889
753
9
520
948
95
399
321
50
500
514
156
703
214
891
540
693
843
731
688
970
172
653
289
641
581
415
412
535
730
785
209
525
198
72
445
271
977
104
838
539
548
534
504
804
579
259
680
426
141
694
681
503
360
398
208
657
732
613
531
467
205
428
357
438
122
730
948
80
948
47
166
965
732
607
252
250
222
163
184
136
109
935
746
588
19
847
925
122
48
406
659
995
541
241
993
580
924
702
728
427
911
335
179
26
892
618
221
415
124
845
799
316
699
542
105
930
950
541
343
413
517
314
522
793
556
817
61
523
76
369
339
24
142
65
799
252
773
245
18
653
807
668
186
637
569
702
677
651
801
500
553
316
295
272
895
456
409
39
507
579
641
130
525
513
497
414
55
461
154
946
3
23
874
970
476
592
827
380
896
571
117
559
273
665
873
220
388
481
410
713
405
779
830
974
954
965
828
722
140
855
856
690
656
285
530
290
901
912
882
9
973
476
491
186
402
249
699
92
417
752
344
24
66
497
201
980
860
44
960
827
167
212
478
917
333
520
941
830
794
95
696
962
886
309
883
442
301
618
264
735
150
383
192
970
678
765
609
265
85
726
770
338
979
780
57
162
875
783
398
78
833
921
673
916
620
117
6
305
310
987
432
646
30
602
273
851
113
541
76
17
528
516
401
739
62
433
760
964
537
318
379
42
528
571
981
662
437
526
76
136
844
737
768
167
122
643
838
158
92
997
195
864
602
649
550
501
597
715
86
496
707
320
925
368
930
957
530
129
462
410
868
765
959
786
650
247
58
116
758
47
543
466
838
493
946
290
402
711
40
288
233
428
84
563
838
897
294
735
704
28
184
14
150
122
173
181
890
81
90
612
286
531
104
735
821
672
752
896
961
968
909
784
409
772
372
39
241
821
386
419
318
802
3
94
273
295
63
361
869
856
581
987
820
659
228
749
225
228
506
887
323
151
138
784
846
860
233
119
213
168
161
200
701
550
562
303
790
1000
885
361
728
618
329
745
516
239
802
629
711
506
453
317
303
521
57
623
636
739
711
480
932
84
735
733
681
406
118
560
522
843
845
143
196
765
548
168
110
830
704
533
555
362
81
203
945
490
435
65
339
848
139
483
602
451
320
850
776
798
180
264
626
834
781
859
56
324
868
577
634
317
112
302
727
795
501
425
268
234
394
783
705
176
43
451
992
875
348
184
192
181
70
297
163
882
617
993
874
664
882
801
761
602
561
643
681
263
630
319
349
365
482
468
22
860
746
784
456
387
653
666
642
554
407
135
484
812
961
899
342
139
613
676
971
803
602
14
643
81
234
637
888
983
307
382
482
560
312
612
48
368
519
10
834
65
147
222
290
841
639
520
403
663
652
697
510
498
808
157
641
351
5
65
970
469
73
330
777
352
927
332
624
591
667
178
912
537
77
222
105
840
345
413
151
444
811
269
597
429
470
32
210
728
672
677
468
697
721
960
589
889
932
193
24
154
870
530
764
653
687
28
308
608
971
31
473
358
603
312
743
714
392
183
550
769
376
401
333
903
186
396
870
165
297
36
927
194
738
9
168
312
67
124
97
435
584
313
292
499
131
680
461
910
778
984
372
244
649
177
58
873
368
420
558
512
862
697
947
821
381
17
503
40
623
746
86
738
638
828
801
231
361
331
451
454
258
8
386
980
451
370
186
968
545
355
967
540
350
510
507
929
958
880
648
45
713
573
859
320
823
374
489
288
229
43
345
475
68
927
484
750
132
517
506
3
150
754
373
436
1000
441
430
521
965
755
644
967
27
160
727
503
525
589
905
293
533
994
472
475
116
815
310
337
528
430
703
731
720
332
101
762
986
462
362
937
899
955
66
719
196
37
191
238
773
16
462
934
281
980
151
665
41
118
556
460
475
1
659
80
890
295
209
76
115
511
435
233
550
287
978
919
597
762
877
787
365
803
806
915
701
605
996
568
269
369
584
986
833
106
975
377
704
408
930
686
881
536
763
22
935
538
947
604
497
182
74
532
971
169
477
487
787
224
352
863
148
896
642
266
956
331
727
651
216
430
734
400
553
157
848
667
858
248
426
378
53
128
141
676
994
892
739
677
597
110
262
306
403
581
29
999
935
851
516
618
542
256
625
449
553
90
84
91
74
316
617
279
357
340
283
359
193
958
741
405
981
218
164
634
93
449
407
215
276
432
121
514
390
139
440
450
764
758
122
919
280
523
783
710
45
161
845
124
727
413
466
899
320
11
760
81
606
887
183
881
818
560
507
554
835
17
352
706
208
230
374
507
712
141
569
445
729
640
549
674
188
4
534
374
241
706
656
252
692
713
53
8
736
722
228
274
881
430
273
252
804
127
429
594
984
263
716
416
258
869
429
351
291
630
177
785
609
937
486
911
250
838
705
567
555
529
384
21
718
645
591
488
510
88
748
210
187
808
619
89
856
66
88
298
347
425
573
425
58
847
970
825
249
362
658
595
318
547
501
311
308
246
941
630
277
381
183
894
676
703
709
383
843
720
505
230
311
999
442
930
748
652
516
169
610
625
773
953
51
526
582
103
47
339
614
849
884
113
413
88
388
151
141
869
277
738
692
747
313
204
519
122
816
550
224
199
279
228
52
216
609
319
281
873
284
313
905
474
337
892
387
836
494
470
137
41
731
628
618
133
949
425
683
166
243
400
48
405
74
175
483
4
871
712
708
464
426
834
101
42
835
782
959
550
763
693
282
69
949
45
288
702
589
817
349
727
442
981
377
434
752
929
762
233
482
191
354
102
713
139
800
728
619
467
838
668
206
783
249
726
677
45
766
945
749
94
824
37
531
908
252
506
404
309
735
990
335
518
561
930
36
364
610
34
309
346
429
740
64
794
653
60
688
595
998
628
375
361
233
548
379
891
460
587
316
877
830
23
870
228
34
530
602
628
377
486
952
257
266
700
573
850
822
279
551
899
474
176
606
775
614
774
758
703
689
606
956
228
499
657
284
636
393
452
1
708
159
331
237
363
540
992
361
442
239
148
641
834
522
897
87
828
332
933
975
214
821
255
379
78
408
574
672
708
766
460
996
983
885
701
24
612
214
214
785
688
494
297
783
112
188
768
981
633
577
662
258
162
699
480
471
344
353
439
496
988
327
652
527
219
268
429
463
488
887
654
264
468
950
608
946
38
320
390
104
966
827
475
441
128
962
563
299
522
493
408
324
466
695
133
887
26
926
828
319
774
178
990
644
279
498
722
635
326
998
842
520
180
259
471
932
119
271
999
770
348
22
832
82
174
175
1
798
119
753
958
582
252
525
398
644
452
908
86
66
856
529
209
750
846
774
683
727
919
798
931
368
322
209
284
633
819
561
900
435
746
279
576
749
450
36
417
367
108
559
109
358
998
448
791
965
980
12
642
862
691
725
11
740
775
64
677
799
345
98
596
965
747
568
724
514
224
187
593
657
149
216
189
113
125
636
673
109
727
802
2
308
553
572
282
843
338
687
199
917
189
362
635
82
626
191
952
134
525
248
211
374
401
371
248
152
664
978
336
233
561
797
538
418
557
581
126
347
396
613
668
43
576
274
772
142
596
211
111
103
921
153
100
607
718
613
190
421
77
487
678
904
804
171
321
551
685
396
503
114
905
279
613
893
676
263
132
928
42
841
255
875
715
925
680
667
951
508
9
3
497
273
579
163
925
961
555
363
639
103
529
664
761
638
265
250
181
777
225
821
888
620
759
868
312
460
997
521
67
819
718
690
757
821
733
923
469
62
637
985
629
535
754
721
906
481
713
91
932
507
595
145
224
59
694
960
821
162
978
429
934
658
534
189
5
640
265
160
606
545
323
620
236
128
603
76
611
900
716
925
820
494
394
818
775
424
964
509
157
720
517
477
279
646
638
181
637
273
630
734
308
132
883
183
596
48
618
182
951
456
487
751
944
167
234
380
540
929
689
481
998
250
117
751
886
733
703
644
909
436
528
960
721
912
140
886
501
79
960
455
721
365
683
784
856
797
563
373
934
430
538
458
528
953
80
183
181
984
255
54
276
216
110
584
2
659
461
3
503
764
171
854
522
782
58
979
125
189
262
377
563
62
541
268
520
833
431
509
777
530
101
154
777
926
39
713
919
127
491
68
632
8
978
159
522
43
79
256
301
243
831
147
32
520
517
767
625
391
748
189
900
507
11
575
699
632
293
413
479
233
287
989
369
189
136
678
333
253
815
856
363
847
50
181
9
143
580
731
754
124
788
801
496
443
592
992
845
788
662
913
443
819
803
35
751
102
318
275
542
77
42
346
898
600
103
120
57
422
476
758
514
563
83
94
943
208
276
320
575
975
612
631
433
54
514
993
893
418
608
644
242
914
260
752
107
109
772
422
370
701
512
985
460
316
350
912
755
612
259
892
225
769
961
410
732
981
293
257
554
643
475
600
618
961
295
297
683
914
595
640
982
677
796
196
709
407
195
59
59
141
230
885
672
636
926
77
928
519
170
991
113
103
510
23
244
833
517
137
376
230
124
779
636
870
2
468
918
776
51
627
197
765
219
669
502
806
641
590
452
59
257
794
480
172
605
36
884
869
856
333
696
835
653
458
124
745
981
829
370
455
939
583
488
805
407
725
288
398
257
603
235
269
709
719
840
717
69
653
782
34
317
39
654
65
646
629
760
562
292
923
170
831
324
699
781
226
869
588
722
163
238
926
881
175
548
720
353
784
959
913
473
778
316
639
239
447
142
850
131
790
88
170
753
798
453
104
584
593
769
539
963
187
522
414
662
888
637
227
247
95
773
426
788
823
375
491
464
299
472
87
919
688
882
228
691
1
469
392
134
981
796
197
576
300
904
192
166
462
721
623
144
915
754
1
614
529
351
384
57
75
462
730
687
754
204
29
728
911
950
969
156
408
98
134
654
709
765
421
