#seed = 1301
857
435
511
844
329
760
126
893
808
18
265
900
500
123
483
341
989
963
864
63
562
579
203
433
270
458
447
28
529
886
50
494
577
573
332
603
952
194
307
427
193
264
203
457
239
855
412
918
44
379
735
757
926
355
98
491
507
495
991
763
644
920
821
113
426
219
988
833
374
174
275
26
299
450
789
84
53
277
895
739
460
766
500
428
891
826
279
735
632
718
317
262
341
406
70
889
86
904
13
538
39
897
636
12
240
88
850
351
898
409
457
904
75
380
985
602
446
553
123
800
478
834
106
956
792
351
946
319
129
590
694
565
188
72
551
441
895
245
238
916
960
528
884
184
160
931
21
914
311
276
696
864
42
82
633
254
709
544
697
455
317
623
925
362
195
9
173
578
306
393
345
452
507
711
448
904
568
499
927
833
531
239
29
835
476
591
71
447
840
824
703
474
625
779
174
226
274
63
170
69
376
178
592
294
68
960
241
92
23
792
57
877
452
938
942
622
702
246
362
89
926
52
343
913
55
424
460
716
953
228
144
468
951
215
841
229
286
211
747
471
128
904
220
207
604
398
567
991
295
146
390
516
367
942
189
876
955
345
847
924
58
412
859
774
391
343
494
827
782
953
823
934
768
891
953
891
845
257
920
242
425
925
611
38
408
490
111
555
938
527
647
727
672
991
945
939
318
93
150
105
282
763
115
270
87
461
262
589
257
785
215
919
533
313
853
408
200
651
941
106
758
758
365
383
414
369
117
19
868
62
562
153
846
833
482
241
73
65
807
897
687
511
432
449
155
309
817
379
214
979
518
193
92
26
561
573
360
389
41
497
908
475
945
539
575
308
908
551
818
615
667
132
448
24
123
399
162
319
597
695
226
955
603
882
905
523
116
245
993
38
561
148
488
568
478
743
220
876
514
105
363
520
938
313
335
441
411
95
763
664
849
7
822
500
571
362
253
952
795
169
876
440
115
361
422
287
546
582
365
781
787
439
797
891
381
658
359
129
590
661
28
798
592
725
652
491
904
370
381
160
376
85
683
159
297
708
978
427
945
702
711
942
824
870
55
216
372
909
18
476
704
203
384
259
145
504
197
412
137
608
667
835
281
224
438
893
688
290
37
488
513
113
611
677
549
421
178
52
866
156
81
452
704
52
49
745
633
627
913
711
21
851
589
387
490
252
836
679
419
822
32
262
133
821
553
743
331
950
733
357
379
224
575
167
368
941
175
268
35
670
460
526
917
175
981
155
974
411
179
612
861
883
219
638
875
835
92
637
801
251
871
966
259
461
830
780
124
322
270
980
465
770
77
538
397
685
416
946
303
563
343
419
99
208
969
927
269
415
557
324
632
255
828
454
396
824
286
255
508
503
223
148
390
416
768
1
965
889
439
244
124
707
765
159
103
707
534
807
951
268
236
874
750
764
136
529
2
856
728
396
199
589
550
136
604
307
633
602
7
441
845
217
501
532
630
740
980
138
17
734
79
859
962
997
907
931
841
318
339
181
268
873
947
428
356
365
432
189
271
168
724
989
132
968
388
935
448
159
34
350
229
939
452
959
78
439
155
693
719
19
501
331
464
963
425
450
532
794
895
924
875
950
686
823
407
436
323
62
493
37
264
327
395
681
851
885
993
768
716
924
433
832
903
683
911
308
787
64
925
537
20
257
929
868
188
829
845
925
718
679
724
726
504
622
791
334
198
774
72
147
438
805
395
505
609
568
569
886
958
425
533
200
670
182
112
266
23
957
726
75
621
266
427
136
186
74
963
665
538
82
732
156
814
659
867
953
397
474
841
913
183
918
393
555
75
102
384
865
952
386
243
205
411
797
758
189
51
658
74
331
910
421
46
358
185
239
984
409
116
111
764
197
105
207
564
493
468
568
522
226
101
870
690
568
597
152
684
66
794
885
504
927
437
373
476
943
881
193
526
985
660
110
767
368
504
355
702
719
991
175
369
278
101
778
805
26
446
123
621
11
59
569
132
159
817
560
250
622
186
829
530
122
491
268
644
463
750
66
242
32
410
140
751
89
935
285
431
136
117
639
192
801
63
500
672
340
964
595
939
653
782
531
459
901
123
702
635
673
557
544
883
104
449
437
444
290
888
189
655
191
229
334
280
768
802
50
563
352
583
312
876
36
606
268
805
290
310
98
247
998
273
477
229
314
123
205
809
77
970
601
790
880
559
26
914
545
731
116
769
674
413
527
980
178
843
622
307
4
884
477
79
38
737
231
542
290
447
174
773
311
857
483
507
926
88
469
807
628
297
791
419
34
487
33
136
817
25
835
54
192
189
505
598
426
172
93
910
995
342
319
189
883
821
81
533
291
950
678
280
131
999
966
395
705
400
202
628
289
5
837
173
398
464
851
676
607
214
448
356
111
359
736
399
270
987
505
515
388
670
518
484
326
531
535
688
348
133
720
424
630
773
390
721
861
229
186
150
114
613
787
590
2
507
296
474
568
588
892
381
801
952
122
796
407
128
639
60
214
944
911
889
51
219
793
687
164
825
796
127
657
940
926
549
469
294
605
615
593
951
868
319
569
693
526
951
534
825
696
54
562
187
425
332
706
226
640
749
307
516
239
104
437
676
108
878
436
786
281
813
201
72
855
646
34
727
87
51
322
327
659
575
229
50
767
13
694
4
342
460
950
915
187
545
814
971
996
521
976
801
19
356
266
796
454
114
521
101
768
617
623
338
36
952
673
896
864
829
524
550
163
519
468
243
499
664
191
741
832
555
661
994
122
704
561
415
755
479
130
648
299
143
361
228
668
26
869
200
409
361
333
605
245
972
97
90
461
805
864
785
938
13
655
667
576
495
967
339
118
713
655
796
87
539
96
724
752
896
541
210
400
896
413
231
785
689
683
310
593
654
196
203
804
190
139
788
39
754
16
211
972
440
584
438
862
747
423
257
807
915
70
943
175
840
840
912
266
246
236
874
675
240
133
446
470
38
139
299
93
165
202
213
311
359
842
831
958
338
870
134
415
171
829
928
195
231
328
580
867
811
714
938
427
568
791
194
382
516
352
786
865
571
88
939
501
414
632
984
523
644
755
461
672
101
233
317
633
661
321
759
644
32
227
526
408
667
574
365
142
935
526
64
600
776
7
847
709
202
253
709
959
787
629
436
483
961
316
504
136
96
762
513
664
947
70
669
816
559
131
258
604
847
436
497
216
610
706
547
243
585
625
262
447
516
911
375
594
757
756
664
619
726
546
844
149
1
704
881
248
813
494
703
119
85
30
698
263
446
751
806
265
447
385
828
498
110
392
781
726
784
489
124
645
13
200
570
798
659
362
532
785
91
666
479
812
911
437
674
225
348
186
83
1000
182
218
707
869
489
375
907
841
982
33
73
734
309
477
219
941
815
724
107
245
581
245
80
654
646
929
779
436
381
812
444
991
142
934
695
302
579
522
993
442
717
987
914
853
13
436
867
465
178
115
972
888
588
370
611
636
449
85
111
474
823
53
800
454
899
242
232
823
951
605
124
187
919
348
479
654
80
380
8
276
718
235
32
337
929
691
738
85
686
964
194
722
585
583
426
299
741
425
536
579
834
847
50
984
144
313
484
234
678
238
846
14
551
811
397
658
50
882
451
276
677
434
454
457
164
862
953
224
887
203
606
786
93
731
872
937
480
624
803
37
530
502
593
476
431
388
5
258
942
474
942
464
226
563
297
828
52
334
380
321
680
916
349
217
373
111
941
876
271
151
353
709
683
947
36
652
732
421
18
668
285
447
32
436
864
407
456
55
978
533
76
177
608
147
954
522
849
24
533
277
794
469
649
64
391
99
974
534
303
396
512
471
161
364
268
962
891
139
66
673
352
868
156
791
958
775
516
116
354
291
325
969
295
223
857
589
318
556
848
618
775
484
760
964
153
667
834
498
561
698
161
729
617
601
653
249
247
603
728
372
277
6
710
589
209
764
573
682
979
247
725
680
259
272
299
719
325
427
365
917
937
713
982
408
534
975
345
727
768
276
152
25
365
471
570
959
233
899
100
369
444
645
495
199
305
308
749
974
494
736
189
822
760
945
66
917
541
668
392
399
451
617
914
447
42
233
134
329
727
320
817
897
509
903
395
522
979
588
204
130
950
417
919
456
848
138
326
378
721
25
701
494
664
934
401
52
479
760
880
756
617
900
426
160
107
123
504
313
643
752
818
133
915
51
364
826
311
595
539
166
808
343
340
313
254
51
661
422
564
729
82
370
642
746
925
802
386
431
344
179
346
804
842
582
989
545
558
121
964
96
901
364
436
163
980
343
825
947
814
111
859
706
618
954
343
935
25
369
177
14
455
659
211
887
812
78
590
492
579
980
962
279
200
181
20
247
109
631
491
976
399
347
699
675
520
825
59
641
550
698
765
376
38
866
351
892
867
576
643
537
387
947
115
45
215
879
217
339
155
782
679
877
117
114
748
515
214
159
444
439
402
603
486
368
951
985
487
587
408
971
457
166
256
10
867
975
930
935
880
755
158
784
358
649
393
970
507
56
991
227
230
990
558
17
936
853
610
263
649
208
814
756
434
402
849
547
725
751
272
265
449
868
997
9
766
419
156
107
981
643
514
37
849
415
301
538
120
874
580
204
719
317
767
520
880
22
698
944
27
550
523
743
483
93
977
990
434
491
921
841
49
240
814
689
646
150
134
486
155
77
429
304
649
172
38
714
223
928
498
827
526
856
479
6
396
921
361
768
323
477
759
841
844
806
913
316
203
982
14
232
211
375
937
384
528
252
559
196
425
834
384
235
306
759
636
780
725
14
10
111
495
642
301
671
158
886
116
125
378
227
118
867
854
820
220
345
193
411
830
771
923
890
372
409
711
67
918
202
385
924
142
451
806
457
658
874
969
418
321
296
499
296
434
756
734
633
94
86
818
158
455
150
291
430
519
937
974
148
388
966
346
334
239
115
318
714
891
686
261
235
659
897
980
442
791
770
1
994
461
949
306
561
776
689
179
433
82
504
685
113
443
210
496
404
148
228
476
683
916
401
791
935
111
225
327
252
146
671
448
44
64
911
914
863
305
175
271
89
951
564
812
331
154
699
593
572
694
603
612
213
262
562
848
683
342
76
356
270
446
107
449
761
389
229
125
41
757
365
420
858
627
80
141
11
478
39
928
883
876
46
444
656
151
773
581
127
553
51
641
809
259
556
47
221
74
836
394
260
459
571
636
207
307
577
545
854
44
192
984
985
506
60
558
448
924
894
109
164
406
365
924
206
679
33
179
752
680
212
193
13
801
473
841
358
103
984
316
164
627
194
956
465
422
49
229
24
216
259
994
69
608
848
998
538
504
600
634
17
80
526
614
849
780
935
218
741
286
53
6
900
192
125
179
114
478
145
367
696
709
738
564
951
203
995
32
183
245
857
518
29
330
538
25
427
33
97
355
426
138
240
594
149
544
136
199
446
464
36
311
996
803
361
6
847
211
597
426
661
912
544
415
213
356
256
409
664
71
390
558
868
903
127
250
72
963
996
840
8
518
95
952
483
284
414
552
578
706
231
160
724
702
648
840
562
358
466
357
279
328
966
213
522
863
871
691
532
674
872
929
901
134
470
925
775
363
473
814
885
114
501
524
336
373
89
486
296
55
951
212
712
943
500
689
275
186
229
407
250
829
713
871
374
489
871
973
766
641
340
527
522
858
770
896
506
647
949
196
982
649
343
554
585
603
193
595
906
310
40
67
93
572
790
866
427
788
3
224
180
989
587
902
572
916
846
584
841
764
476
131
937
735
68
953
180
374
9
534
836
688
977
688
396
381
135
855
207
279
314
386
747
954
189
552
943
102
875
541
522
247
333
768
270
501
959
215
377
676
255
673
592
271
160
488
383
233
188
158
982
598
400
642
500
5
487
312
409
755
576
741
691
154
430
21
676
440
586
444
764
603
631
478
854
846
21
620
263
271
748
153
373
86
755
552
903
498
98
643
166
314
762
471
23
989
787
435
244
596
994
202
296
87
468
221
717
472
286
842
846
281
426
110
917
867
826
963
695
55
198
710
501
375
103
451
422
571
909
412
815
460
566
415
423
855
301
989
12
759
800
801
576
882
2
210
998
725
369
755
454
996
60
804
451
40
379
329
365
60
752
390
631
912
106
11
85
107
806
246
517
248
841
958
595
707
448
360
891
924
410
544
909
812
651
417
393
499
706
912
532
523
537
433
894
664
776
211
494
119
753
977
969
986
246
429
259
284
828
372
316
664
521
613
150
96
544
168
58
300
360
358
415
690
314
164
375
128
67
756
84
959
862
570
966
179
557
111
509
489
414
92
18
448
819
516
28
208
278
369
207
562
616
250
530
236
139
749
617
29
612
603
411
401
50
883
953
746
338
844
375
432
830
64
362
408
40
472
68
701
472
292
937
963
92
966
725
230
607
110
347
228
62
540
639
890
549
655
371
902
317
735
669
141
353
964
302
503
891
284
131
50
595
503
463
967
753
22
806
728
647
672
314
647
11
788
564
505
341
227
24
850
534
545
604
156
392
735
870
708
412
691
341
888
108
654
176
322
583
986
190
917
799
460
293
166
644
412
994
927
935
591
740
636
613
962
703
673
46
802
359
520
464
340
908
615
968
76
661
752
466
73
436
196
319
32
863
570
386
382
343
441
34
546
408
964
42
40
540
309
127
486
526
923
724
689
965
239
763
317
445
135
231
537
284
139
962
598
529
128
739
584
281
847
779
41
432
323
605
330
74
632
352
506
657
336
499
850
69
349
331
894
166
910
223
4
670
518
15
375
746
133
425
129
10
419
762
87
701
183
566
398
741
21
30
410
716
840
509
47
574
646
651
301
889
155
295
679
548
434
682
256
3
338
828
25
719
877
100
536
90
697
886
917
134
511
710
737
997
741
999
320
590
996
415
767
177
609
620
891
383
824
360
398
750
30
425
521
786
652
866
133
805
69
631
318
993
14
489
120
247
535
787
729
930
372
954
240
319
76
287
359
952
599
543
809
792
479
235
285
390
324
253
968
742
976
130
20
636
763
725
485
480
683
988
171
717
480
622
87
894
958
656
309
629
735
115
400
236
732
476
484
514
954
151
47
399
63
668
76
263
182
271
552
618
65
241
694
611
631
71
958
674
968
473
959
745
479
615
304
820
134
632
331
839
221
159
703
406
151
632
390
67
489
55
980
151
882
943
965
805
497
773
416
812
242
752
538
861
583
996
819
332
436
77
638
840
430
120
605
185
397
598
89
100
157
126
353
608
643
208
704
480
416
598
195
341
719
639
68
185
492
545
543
194
10
872
445
857
32
198
62
363
810
765
666
762
562
110
238
25
762
556
628
572
275
866
845
90
913
710
612
541
950
311
602
80
925
760
187
758
764
8
919
1000
395
625
89
546
674
38
905
62
924
632
659
49
996
691
152
202
786
44
634
959
103
381
120
443
273
140
458
79
2
838
510
355
638
449
830
776
972
303
828
399
137
834
869
15
393
947
148
299
406
706
350
221
448
659
844
379
959
567
133
785
913
375
809
661
8
42
863
468
296
677
816
237
381
102
153
426
921
971
768
698
32
838
637
157
613
687
781
170
856
670
87
933
154
116
824
233
18
944
584
315
572
37
189
671
986
832
438
934
331
191
264
953
24
181
945
572
950
137
347
570
56
462
357
149
934
221
821
859
964
813
55
937
807
756
228
59
96
965
716
882
119
822
834
645
354
783
945
720
185
660
327
625
806
528
783
406
881
373
495
964
96
137
623
248
171
566
965
845
263
422
585
856
239
413
255
358
278
193
87
77
949
415
399
976
447
39
719
819
397
813
775
430
380
602
986
244
95
113
982
120
239
195
738
608
198
185
285
722
327
49
207
869
630
523
524
47
786
203
937
515
624
18
80
460
332
469
206
457
123
354
628
936
305
366
526
499
113
653
464
783
505
346
562
74
321
457
662
748
220
174
353
10
369
240
928
166
360
532
303
172
366
169
738
526
264
752
510
184
975
961
219
333
924
734
467
245
329
611
864
243
462
767
196
309
675
494
340
268
770
219
889
648
455
640
661
708
742
886
715
323
535
242
525
619
743
493
183
686
640
875
889
833
971
395
127
613
89
595
452
526
562
228
700
394
160
157
682
616
929
475
242
885
513
763
542
335
474
313
15
678
353
992
683
569
287
938
779
620
488
314
626
474
428
910
102
111
895
422
194
4
221
809
614
683
603
779
697
640
224
63
817
755
897
41
147
662
707
696
714
271
310
404
517
440
939
640
506
30
226
453
454
729
142
363
500
220
678
322
391
768
872
176
14
162
52
535
530
124
100
99
870
79
431
879
478
687
851
421
41
425
554
484
22
776
223
973
3
109
532
67
927
249
482
595
247
153
656
287
160
684
47
696
602
495
926
754
261
636
960
440
697
108
571
379
221
950
787
972
55
331
689
197
972
756
354
743
237
869
623
416
455
539
242
442
31
158
478
331
157
820
228
418
925
821
987
702
975
518
151
216
221
362
690
706
979
573
91
388
869
938
647
573
167
627
990
782
992
967
497
180
457
197
590
695
459
332
28
576
962
883
1000
119
216
63
760
453
129
783
201
453
390
333
268
440
142
224
39
373
770
498
846
124
841
803
578
419
682
415
174
259
860
805
458
217
9
65
904
619
377
177
172
933
881
47
656
949
688
848
806
34
177
914
659
940
311
704
66
813
501
318
296
234
685
251
203
938
738
481
446
81
192
423
23
974
793
400
79
849
523
44
320
737
125
822
700
377
842
819
690
539
15
938
511
495
301
283
58
74
119
774
528
805
888
227
21
9
580
78
498
537
991
532
300
505
394
78
769
952
816
317
555
182
271
62
533
558
666
18
967
970
174
489
79
826
758
87
563
856
54
723
381
504
732
643
206
787
262
858
669
513
453
10
710
81
377
517
490
818
249
839
18
482
167
667
435
653
827
591
349
568
356
246
442
215
698
316
187
443
414
193
897
343
25
797
827
977
858
5
243
736
383
837
568
777
212
121
897
995
84
24
607
34
519
208
142
569
441
541
695
988
610
316
209
662
747
584
799
261
637
191
30
873
354
879
152
536
573
64
328
85
387
580
834
668
254
364
8
105
392
14
327
89
674
784
782
138
469
215
381
414
594
404
356
414
873
378
158
351
338
298
425
346
145
491
291
693
290
91
306
594
244
72
683
791
703
929
982
774
803
545
702
53
802
750
612
989
994
62
409
686
897
769
53
519
850
588
95
45
362
167
693
447
343
750
517
422
895
429
242
704
916
74
983
381
935
154
823
907
904
498
23
556
495
352
556
658
136
556
528
331
517
487
537
152
67
523
963
521
865
441
608
836
149
622
194
24
533
584
904
432
217
782
156
529
544
429
315
555
703
772
701
326
758
279
766
734
790
672
27
918
603
785
104
967
511
141
513
812
221
288
553
475
574
490
898
7
511
354
21
180
185
79
219
98
9
28
45
165
281
673
434
954
271
574
406
195
288
65
166
106
402
78
630
845
674
974
425
902
728
414
842
243
504
786
741
445
371
712
977
574
165
467
891
541
854
144
413
194
101
376
586
922
363
340
3
413
379
865
92
193
221
314
346
344
331
372
997
748
406
650
581
604
785
424
112
845
717
89
335
229
179
579
878
518
538
937
69
612
11
738
232
327
708
124
709
926
508
511
928
751
438
423
786
554
136
577
546
434
728
348
640
125
315
461
424
566
498
666
765
495
488
459
533
287
254
836
472
381
72
447
813
892
831
119
413
196
464
334
436
619
229
945
408
822
202
193
966
603
283
21
500
926
614
882
471
482
809
146
460
337
94
439
253
848
526
651
667
416
117
120
370
629
940
528
292
465
779
574
411
530
523
842
285
853
604
259
62
26
601
800
603
876
929
174
269
559
752
481
158
797
96
711
218
476
112
457
904
157
672
908
801
141
963
51
113
274
535
21
758
958
303
347
978
710
6
237
162
404
346
214
465
275
445
400
401
645
323
533
257
435
985
695
532
292
193
691
455
678
233
35
830
231
263
101
598
406
627
319
933
660
695
577
857
235
932
982
65
875
228
17
727
193
701
740
832
378
234
29
576
473
427
104
68
566
865
992
566
227
935
596
75
596
660
459
246
3
549
630
370
93
379
203
962
754
764
700
289
612
85
238
179
926
604
284
460
772
2
278
332
426
604
545
872
906
74
758
224
500
507
288
192
236
133
407
195
808
947
136
749
806
947
677
27
405
180
894
72
588
349
560
576
264
86
350
92
636
627
418
660
336
37
579
591
953
962
230
456
740
221
42
49
721
477
707
255
582
198
988
473
609
147
496
48
723
741
256
664
500
414
617
172
804
254
386
39
141
807
618
511
385
717
490
991
988
588
706
233
989
600
997
235
805
514
607
785
730
842
62
164
820
199
499
9
618
955
591
639
48
555
413
405
831
148
413
630
154
83
848
745
550
332
108
668
448
79
837
720
345
990
889
996
14
769
664
328
774
619
610
7
77
832
578
354
126
41
231
201
225
656
378
344
746
17
894
885
614
661
52
683
628
411
868
355
761
521
656
737
853
286
85
965
839
29
314
697
236
676
733
945
621
599
667
820
300
760
340
116
886
289
125
939
741
844
500
408
107
273
545
74
106
687
968
761
197
306
585
223
669
762
712
571
690
197
85
236
869
36
377
340
119
985
336
704
825
735
221
804
199
960
260
365
72
607
454
829
397
346
808
971
277
691
149
719
607
449
827
924
486
790
404
747
236
443
450
89
242
499
310
764
117
579
723
990
495
768
285
248
99
574
748
281
117
900
954
172
191
624
318
186
483
844
386
53
869
231
112
963
434
27
951
148
924
931
687
513
966
347
946
7
653
648
65
757
347
954
714
820
687
422
620
670
849
784
627
310
625
980
332
112
140
961
140
66
813
681
218
281
467
53
730
637
49
591
147
633
984
651
676
549
528
840
386
591
869
452
343
791
496
753
972
690
995
651
644
51
453
915
643
326
870
478
160
549
318
149
3
247
246
459
433
255
127
817
169
459
152
279
711
774
761
213
277
540
135
871
873
24
417
449
992
38
377
802
38
837
401
751
537
721
859
632
920
259
21
354
315
86
883
384
479
613
928
770
657
494
56
474
226
560
627
654
997
53
77
570
874
599
497
139
494
730
611
866
573
141
150
6
614
709
951
449
946
706
806
509
390
119
653
383
443
561
536
837
444
612
101
142
325
584
148
674
685
347
921
892
382
65
46
485
561
582
358
360
859
252
666
88
317
426
868
688
300
56
787
576
995
150
574
641
804
532
836
879
987
361
171
903
186
376
414
850
431
568
8
608
45
816
704
164
780
653
403
707
123
343
141
