#seed = 505
154
264
865
307
288
347
719
482
301
547
815
547
661
359
62
417
983
840
864
626
415
608
549
665
740
102
765
913
862
342
992
565
956
468
256
125
21
304
288
148
219
125
782
442
790
912
808
878
539
796
278
741
760
55
392
307
816
299
843
881
320
955
253
375
190
567
74
386
749
925
823
824
722
595
888
931
439
413
382
286
9
161
175
625
694
324
429
917
992
661
11
535
891
787
833
954
640
346
635
290
655
71
338
403
844
985
563
518
584
116
530
459
85
654
693
400
348
257
496
955
234
569
546
144
665
511
521
798
654
122
718
268
539
392
6
826
913
186
344
288
831
860
22
284
97
741
510
74
468
498
213
125
984
559
402
179
711
115
45
937
890
742
687
530
269
58
794
494
339
1
956
840
778
511
557
136
84
454
911
865
12
947
488
517
195
657
555
385
66
752
572
451
195
925
121
643
191
135
701
397
558
885
339
151
635
610
252
673
60
185
554
408
479
185
27
44
846
476
810
11
972
166
803
528
961
537
403
319
901
291
366
414
547
948
75
753
104
168
719
351
943
881
875
248
756
506
788
987
339
150
311
417
105
313
411
25
687
903
130
32
696
248
845
93
778
552
956
194
677
236
462
215
252
242
330
545
912
990
716
287
115
930
585
103
938
323
526
267
263
597
615
73
885
71
881
12
176
771
399
561
444
502
995
149
573
845
991
513
548
737
628
329
657
258
352
703
106
64
872
479
266
252
333
290
91
836
238
872
477
508
765
446
234
774
848
264
363
315
974
266
982
67
939
828
692
96
846
346
857
716
380
725
221
239
88
630
823
511
590
151
757
739
588
831
552
178
701
310
888
652
357
242
5
897
749
496
907
771
199
647
984
488
620
335
251
377
388
925
605
802
442
111
101
632
947
89
264
473
553
616
512
552
179
207
354
384
686
412
125
284
410
891
479
781
316
557
114
4
105
468
161
142
382
998
680
271
694
961
217
205
123
281
380
981
112
64
300
475
737
743
453
478
237
299
595
650
189
568
880
771
560
663
861
685
370
763
758
857
92
261
450
357
378
472
743
465
542
679
922
132
243
830
810
999
124
95
522
455
391
639
477
491
882
872
544
108
413
661
312
340
638
424
539
607
589
745
472
691
969
372
199
322
382
34
892
573
215
229
672
500
943
964
592
353
762
22
540
708
626
744
357
823
991
980
454
900
610
150
92
76
555
285
518
297
842
776
630
1
923
794
885
785
978
180
675
685
507
255
192
648
606
930
663
184
682
811
735
602
261
196
588
303
927
851
19
335
469
566
340
326
18
43
891
116
467
320
756
534
210
931
417
526
707
513
633
583
177
491
343
752
549
8
959
643
87
120
241
947
843
1000
542
191
682
853
307
194
344
476
545
214
213
463
892
349
360
402
906
317
124
597
482
77
589
28
751
167
556
969
117
218
201
140
876
56
24
483
809
357
338
559
765
520
600
628
284
134
599
474
372
31
301
838
147
107
156
73
469
658
344
213
235
898
453
599
659
686
217
536
25
428
302
591
55
446
959
741
892
88
184
617
652
175
528
874
734
945
521
198
943
125
82
717
34
956
5
322
271
501
847
52
774
724
441
652
29
733
211
16
210
414
681
823
6
441
621
719
230
945
43
800
385
548
271
870
339
975
350
360
222
311
106
800
671
458
970
619
851
852
934
305
18
455
519
220
97
489
212
915
756
145
108
704
686
10
524
523
234
698
299
696
992
880
692
688
897
493
626
396
416
174
509
120
892
985
32
780
60
108
536
214
520
122
317
353
640
11
485
849
181
142
831
167
112
107
396
380
997
925
507
643
924
5
54
200
511
392
880
64
185
8
523
658
721
637
183
100
506
420
280
217
341
777
741
542
812
829
141
732
717
703
651
42
436
910
988
216
759
611
617
594
940
717
306
444
244
647
939
47
720
932
973
120
231
53
201
828
525
659
233
467
516
980
26
474
961
707
794
167
146
277
275
47
803
39
361
383
503
932
545
438
443
777
194
986
578
308
798
919
932
347
16
903
883
48
844
876
253
115
178
628
650
32
468
337
149
794
874
173
159
837
30
289
592
492
753
784
233
481
721
85
297
191
770
188
644
191
976
869
641
823
948
37
494
502
338
189
660
812
838
781
245
499
195
534
334
858
19
41
106
354
353
607
430
148
756
354
886
130
939
697
906
553
161
646
488
285
131
24
214
363
672
201
913
449
240
105
863
551
23
916
962
664
746
891
860
764
759
22
886
481
242
592
973
857
532
549
738
956
752
292
852
753
221
52
694
786
824
131
871
656
890
502
952
994
997
361
821
154
628
337
139
731
547
74
228
968
677
630
614
425
715
583
191
503
2
882
925
591
296
706
791
723
771
276
470
482
258
903
335
724
139
453
94
98
188
11
235
23
640
367
652
794
887
963
513
696
774
862
637
375
786
381
21
864
299
575
466
87
486
654
980
1000
531
93
674
39
631
733
258
990
779
15
983
591
400
500
780
318
428
498
317
20
95
478
527
496
455
925
624
69
724
154
711
467
611
798
754
280
407
406
750
513
529
981
308
948
450
614
977
574
665
49
179
422
250
235
961
409
987
659
709
855
876
910
156
395
843
937
486
145
517
207
416
14
880
859
322
893
446
539
237
189
132
885
701
330
506
680
27
743
539
267
54
975
289
12
727
749
825
663
77
636
503
898
821
250
558
327
862
322
815
588
992
493
361
825
976
280
253
258
941
40
402
620
244
788
659
531
334
696
655
798
535
278
749
706
210
61
794
187
27
74
651
799
929
809
736
511
649
183
387
331
500
27
408
758
801
220
878
646
238
507
435
126
91
898
717
482
577
822
29
5
598
28
149
218
266
279
365
619
915
111
323
673
76
884
165
505
186
175
934
593
118
23
596
86
917
894
156
588
74
334
18
73
255
681
285
216
510
724
629
887
110
285
699
359
382
287
338
141
533
724
727
391
318
892
46
372
890
890
953
443
798
919
75
201
466
255
932
259
897
202
62
914
98
860
701
485
112
612
142
481
970
422
180
927
552
645
640
670
876
213
691
779
648
99
738
486
430
144
839
478
112
411
116
417
150
246
351
607
966
683
544
776
1
544
411
179
918
15
164
721
431
228
722
370
580
856
668
630
372
251
1000
957
870
80
93
998
734
492
33
979
22
265
917
395
953
523
511
583
843
336
412
326
548
78
514
598
690
135
763
714
624
489
436
353
683
271
954
469
915
633
35
801
739
281
337
920
118
780
609
324
988
765
362
647
631
364
730
563
36
228
808
569
407
485
881
408
899
619
549
273
455
75
428
270
375
934
781
364
696
335
166
544
940
177
211
664
193
77
426
442
159
492
545
370
947
305
216
32
295
451
843
384
83
511
813
277
563
762
415
771
11
235
988
535
973
787
717
758
486
330
923
553
688
15
797
119
877
665
479
238
550
674
338
304
958
873
52
410
468
71
267
680
339
288
39
873
759
304
452
541
351
524
84
57
62
63
301
3
532
65
599
659
25
151
10
417
472
748
358
554
434
396
713
453
25
331
329
532
726
221
713
141
336
329
243
885
842
339
730
710
921
715
676
872
517
732
232
924
314
582
610
974
318
465
416
831
884
520
277
240
161
730
115
944
815
214
927
165
80
282
370
798
881
761
878
104
898
183
588
61
15
470
123
667
953
52
661
347
222
221
503
563
431
638
534
713
212
25
60
868
139
38
217
455
319
73
928
375
519
213
819
606
322
235
327
672
608
714
583
343
579
931
447
385
850
489
732
949
649
324
510
434
923
715
871
442
999
473
644
990
422
611
691
207
727
824
100
483
756
266
676
955
169
236
262
970
941
860
72
601
579
630
537
632
670
415
776
838
634
920
705
337
328
303
936
82
550
232
664
727
735
768
993
749
901
753
491
312
690
844
20
587
199
680
806
691
242
811
294
528
326
240
30
135
361
114
245
399
968
406
236
288
989
345
393
918
526
76
95
687
66
8
867
720
656
389
98
962
414
405
619
25
107
959
140
571
816
870
708
355
545
461
407
584
476
395
646
113
815
874
142
182
557
850
377
23
610
228
55
123
187
157
30
364
263
974
732
366
40
567
298
984
480
861
713
148
296
896
169
395
828
644
479
145
49
854
566
962
576
914
25
416
930
122
267
244
109
636
412
719
536
541
244
850
512
285
3
935
322
18
544
870
657
963
674
554
964
586
151
502
85
805
83
499
934
524
657
66
277
281
710
476
633
213
572
571
977
396
904
965
923
832
57
481
30
461
576
23
986
183
537
539
698
880
795
997
100
135
795
473
772
725
622
272
193
131
25
580
486
796
847
291
871
556
433
380
375
149
103
882
651
501
735
902
481
346
918
904
765
448
154
592
644
615
985
573
29
118
43
767
876
646
19
793
270
488
449
954
838
667
825
88
42
273
791
615
937
66
899
101
380
109
415
870
168
167
958
712
942
874
886
396
315
385
263
244
452
700
768
605
640
49
285
987
451
793
389
253
326
918
854
357
36
920
145
970
164
551
42
845
988
582
79
912
749
736
487
71
643
678
549
704
111
234
490
735
480
114
731
636
572
468
57
780
356
591
227
138
807
839
671
551
94
532
738
323
800
324
781
287
360
856
331
923
659
945
788
220
499
685
698
440
374
177
173
303
651
426
402
369
692
620
664
919
85
383
232
653
199
869
612
184
206
468
822
594
105
281
756
903
242
564
476
423
176
618
563
152
634
53
923
303
526
155
763
178
438
282
460
77
889
27
310
536
551
416
776
921
449
549
768
378
379
962
813
990
69
569
350
94
589
176
653
97
347
58
48
465
223
530
942
229
542
425
479
69
969
298
859
821
562
155
763
891
505
720
588
695
60
260
684
954
638
203
423
585
428
798
303
981
557
561
630
213
974
79
895
872
733
875
214
593
860
238
693
867
461
767
656
435
367
982
911
58
523
894
926
302
126
434
909
371
116
467
185
904
491
623
192
970
933
16
107
909
804
694
409
117
350
757
445
148
628
161
629
610
980
420
80
941
658
592
707
726
501
331
540
991
454
846
537
10
856
796
71
716
810
103
691
394
432
36
434
599
216
253
432
104
506
925
557
604
341
522
483
273
716
841
415
893
650
98
888
233
23
878
766
194
186
937
911
128
216
692
286
295
651
610
735
611
821
199
978
571
715
111
968
505
796
331
834
888
606
292
466
469
869
300
887
471
631
846
397
830
781
814
980
491
383
266
969
236
724
21
326
400
598
178
963
161
82
115
290
247
888
368
944
670
490
36
527
695
748
367
947
259
306
229
702
6
855
675
482
532
442
355
795
76
487
45
656
654
295
72
57
707
193
410
214
909
709
51
278
223
26
432
36
165
820
19
912
53
58
699
622
641
897
486
784
755
355
861
966
575
116
123
206
968
150
669
344
912
438
792
342
361
438
554
377
294
186
24
235
96
964
635
514
240
524
775
254
316
701
658
170
781
480
609
663
751
916
865
428
956
450
360
787
811
808
436
269
771
654
729
558
785
846
296
606
266
123
156
97
595
299
607
27
193
330
603
729
76
522
806
201
473
397
198
583
678
182
202
749
966
719
717
536
925
340
770
443
652
819
25
527
939
552
474
72
168
798
439
93
923
627
82
635
851
415
920
374
272
899
972
766
445
137
100
925
46
546
672
318
899
101
639
421
886
599
10
856
815
269
128
315
299
763
963
597
471
558
215
426
934
445
877
882
145
646
957
755
200
263
481
350
612
959
807
993
822
165
22
815
869
773
685
921
862
369
73
621
625
701
194
108
883
884
731
53
831
542
588
708
599
570
846
791
589
480
917
432
427
876
506
100
753
578
50
898
221
520
642
820
213
842
472
216
730
998
222
234
373
77
31
657
841
288
901
190
139
410
907
784
777
625
20
550
121
270
889
818
666
941
363
699
177
952
58
178
263
904
780
151
575
665
314
180
856
297
83
78
361
733
753
444
889
9
833
202
745
926
371
36
831
775
671
402
416
394
573
933
167
721
692
973
476
649
81
813
799
906
591
829
994
833
480
708
625
101
131
325
202
689
280
689
465
156
195
806
247
132
507
756
611
233
91
462
752
509
351
419
527
958
76
469
575
58
567
352
232
25
906
603
833
280
841
229
878
602
740
815
125
136
827
762
881
620
84
647
121
847
379
274
882
552
837
452
488
802
966
745
528
307
127
917
738
16
933
802
215
530
537
135
86
500
201
116
5
407
704
105
554
3
60
104
599
103
407
421
643
453
481
641
68
49
537
657
456
92
920
805
191
46
451
580
39
58
343
49
355
7
456
790
957
663
250
840
124
982
163
523
269
180
721
649
111
887
999
432
107
151
188
594
335
614
588
875
921
564
477
864
629
509
693
480
982
471
867
95
611
43
287
582
366
511
444
593
827
543
113
890
66
434
656
650
709
271
3
944
613
890
862
453
543
946
477
370
483
610
913
41
9
133
976
430
836
387
842
605
864
958
19
823
767
766
163
128
286
257
443
903
880
87
499
532
937
583
559
345
157
174
400
837
440
359
846
819
818
329
555
212
264
86
465
726
300
290
943
367
709
197
636
873
127
451
436
16
803
38
913
381
762
240
727
292
356
559
30
598
735
365
363
673
744
807
109
270
5
504
107
548
237
54
923
568
815
36
961
332
677
914
736
215
988
176
401
652
354
768
851
601
213
920
333
183
860
534
227
274
330
449
928
180
85
357
507
28
442
684
995
695
347
36
665
162
245
500
442
759
642
303
218
471
511
28
61
264
664
868
8
588
546
807
592
446
130
448
954
663
467
471
10
607
368
928
94
61
128
946
475
211
664
62
939
660
703
680
651
25
993
438
526
946
219
73
980
98
589
988
759
713
966
790
461
521
146
615
539
105
193
428
617
736
269
78
812
114
436
632
186
871
911
405
196
752
127
20
166
915
663
12
70
124
901
725
468
175
640
500
185
455
434
468
364
952
75
825
378
802
305
230
884
640
320
500
675
177
310
327
977
169
323
208
836
917
399
908
915
988
426
669
22
898
487
761
82
530
517
994
107
778
696
592
663
868
863
213
68
108
790
615
302
128
903
102
672
519
129
207
597
543
345
727
59
959
623
320
815
543
137
545
166
441
561
475
653
597
644
656
198
154
862
24
537
334
788
658
342
166
87
885
408
375
91
901
178
21
514
339
564
171
44
888
266
369
767
364
687
288
95
257
229
322
10
744
122
920
196
287
462
639
957
871
187
346
833
33
386
964
446
125
546
292
829
543
715
257
908
98
159
475
782
579
416
770
963
162
818
500
253
945
185
882
792
23
953
326
808
301
817
179
228
329
885
260
898
962
678
891
770
255
971
37
576
684
230
803
280
609
814
909
814
715
470
672
295
785
669
199
998
909
95
316
6
940
60
564
562
80
69
121
588
474
369
795
877
903
899
349
60
925
820
538
854
165
884
645
946
443
926
731
997
222
822
761
880
809
960
902
335
871
852
72
829
754
294
60
258
39
317
339
474
948
633
214
995
683
377
945
793
917
572
439
419
831
661
755
551
513
523
224
367
510
51
521
167
705
595
95
594
513
510
303
438
498
255
466
101
795
331
734
285
622
225
35
795
739
180
928
853
593
324
422
743
375
707
200
334
498
813
953
385
263
243
94
600
890
98
710
524
232
150
902
132
591
569
351
644
329
873
248
472
142
319
467
357
993
806
251
745
682
821
768
788
331
453
859
722
271
905
867
600
405
494
390
784
323
604
890
600
886
107
467
25
399
34
429
448
222
438
376
246
750
171
62
427
483
932
100
282
273
467
671
163
49
887
451
372
615
770
482
583
965
95
842
579
755
794
96
187
401
246
529
518
402
743
2
414
187
974
641
929
5
643
158
162
119
558
148
596
199
784
476
860
150
133
296
458
108
904
116
198
133
520
644
608
240
459
758
364
823
811
796
987
512
880
746
473
107
219
963
764
232
407
612
736
734
464
97
282
431
251
483
322
782
417
516
310
909
767
796
470
294
944
654
810
771
670
774
730
141
131
253
482
480
33
392
548
887
440
877
312
183
38
152
201
62
496
311
764
721
880
885
239
88
576
662
370
275
246
376
599
492
77
185
194
499
108
715
924
930
69
637
911
280
475
838
659
197
793
515
524
321
87
878
470
443
906
728
708
697
221
955
194
833
146
946
981
935
900
896
323
494
918
333
676
774
326
365
751
912
430
763
70
443
618
752
392
627
916
620
655
446
658
413
131
780
139
770
421
689
970
818
830
461
375
629
892
221
846
794
629
730
565
998
111
203
258
550
410
635
189
259
20
990
554
765
251
321
333
124
714
231
54
901
289
887
325
717
179
412
245
717
122
864
732
203
924
241
60
218
210
485
161
510
200
946
561
646
358
359
958
790
353
277
344
463
880
457
766
984
178
969
529
760
375
691
991
715
104
584
122
214
532
762
777
719
853
364
993
742
516
882
177
927
341
530
367
51
334
558
468
416
635
99
878
710
834
548
200
104
937
693
663
780
6
365
16
738
219
425
339
34
884
731
673
966
929
335
874
822
141
939
586
148
214
673
997
316
944
570
63
938
625
668
636
636
433
13
709
967
470
450
514
7
278
661
75
818
943
321
199
367
325
314
686
237
712
898
283
382
726
752
96
124
803
683
786
350
264
963
241
570
144
670
6
599
305
957
443
269
688
201
126
32
197
207
589
426
580
796
40
646
68
596
64
103
956
309
136
429
252
100
428
605
43
940
933
33
333
580
235
293
232
516
129
697
868
67
391
98
884
466
15
92
420
628
896
534
482
345
884
988
910
427
26
842
311
444
472
490
111
240
503
716
463
840
484
62
759
679
121
336
928
393
842
765
458
28
904
386
616
48
5
790
769
746
295
783
684
266
806
746
196
789
636
590
246
670
468
884
932
256
415
906
22
557
295
725
632
77
300
534
602
168
822
117
791
897
934
194
487
525
161
468
710
226
464
301
880
512
814
562
146
474
814
248
155
587
504
454
56
448
959
766
18
925
956
238
281
186
503
789
482
149
191
814
976
634
957
120
393
494
418
767
419
277
389
40
298
190
269
726
788
779
787
696
618
296
703
789
872
84
39
601
360
60
838
536
443
459
876
87
604
308
399
299
134
585
942
668
288
337
835
190
928
562
229
129
360
147
750
820
716
651
953
225
225
831
248
705
252
656
594
269
650
267
639
913
612
686
534
576
498
609
459
925
720
52
457
267
578
308
390
713
587
836
275
396
633
669
451
284
806
34
601
530
295
347
506
337
264
761
204
877
743
406
515
13
954
641
132
833
684
72
423
139
426
719
421
169
992
243
664
677
825
896
917
889
866
553
668
13
918
81
241
731
508
361
947
299
1
336
194
101
904
871
977
595
116
654
445
239
328
728
335
697
450
940
621
497
248
88
656
748
916
37
781
323
667
633
11
395
615
381
946
348
507
686
443
190
924
439
486
306
594
887
660
823
476
10
987
925
57
770
970
462
453
833
69
477
585
704
176
157
496
314
35
988
289
315
12
625
521
703
34
146
79
416
721
726
499
705
333
543
407
56
558
592
198
536
781
85
462
679
145
259
560
970
422
860
50
260
855
735
632
330
993
257
368
279
135
414
776
544
738
394
778
781
314
958
696
443
299
25
18
786
304
388
942
971
743
334
59
795
585
835
281
223
369
568
420
290
902
620
554
224
737
500
426
553
219
118
775
421
6
151
666
115
979
345
773
155
26
881
657
935
999
436
681
151
129
874
541
803
33
834
427
532
137
685
180
225
201
126
323
912
573
53
69
54
740
743
997
610
391
525
602
757
293
909
558
247
399
48
615
500
595
985
349
571
628
605
146
324
454
194
792
347
902
431
530
420
898
210
83
568
175
957
939
581
365
496
464
575
934
873
828
875
989
920
986
55
976
401
590
912
573
579
86
560
237
746
676
96
537
729
675
954
850
434
821
992
255
188
497
454
921
184
306
182
560
305
588
584
113
930
718
657
706
471
264
690
450
995
41
397
91
13
650
426
942
242
187
287
893
94
213
808
367
277
244
956
262
515
462
894
99
931
719
105
917
683
242
202
548
320
202
272
900
119
167
291
895
60
859
340
319
77
209
28
958
772
255
996
452
158
982
778
307
418
868
281
242
298
329
400
100
632
660
624
385
904
259
124
179
69
105
466
906
255
910
182
671
78
482
152
941
658
188
95
942
724
467
453
638
349
416
662
390
7
864
324
819
73
117
691
203
839
171
53
382
598
380
486
44
707
233
805
782
495
502
121
544
921
432
298
620
306
381
794
548
86
105
974
660
170
256
629
602
900
762
19
318
88
291
441
917
219
284
611
948
928
412
954
446
821
752
326
792
947
662
97
219
427
853
752
760
820
495
163
451
91
320
170
714
262
723
88
129
121
62
932
677
823
42
556
517
252
466
307
384
430
940
526
755
7
119
841
193
232
197
183
491
673
89
837
384
742
461
668
768
86
229
660
85
721
304
255
429
845
245
649
837
697
404
100
43
786
70
348
24
716
660
665
530
186
407
904
1000
429
136
294
687
736
151
636
677
957
364
980
335
707
174
853
761
197
237
728
657
961
229
592
911
740
957
220
732
868
290
792
158
525
906
722
689
706
522
119
356
482
817
429
837
143
33
167
741
350
854
612
22
327
223
566
923
932
863
877
24
706
366
296
177
359
426
919
158
592
161
751
991
945
593
656
781
280
178
220
179
136
232
765
708
750
677
787
43
140
983
4
388
39
163
750
876
864
702
44
8
37
872
257
424
484
725
284
570
512
471
609
997
610
277
63
143
718
494
655
87
419
735
699
821
296
894
418
843
810
658
862
666
263
117
567
773
768
214
42
970
336
877
983
177
585
794
124
377
689
114
843
324
884
670
410
676
45
81
801
171
840
395
92
397
220
877
945
65
814
608
213
905
114
537
938
91
153
670
613
726
371
18
965
184
115
22
16
830
507
573
472
151
808
568
966
792
245
864
420
518
659
54
568
468
351
809
825
32
851
629
986
498
750
307
58
118
180
556
136
819
801
13
791
123
247
13
718
983
58
966
321
475
344
886
317
819
982
207
489
911
270
165
428
420
294
659
995
741
176
672
765
119
484
506
538
857
812
859
283
172
293
259
569
799
475
622
617
21
521
247
309
90
599
379
712
61
949
448
663
956
80
15
381
153
885
127
816
453
174
521
586
520
465
344
788
927
64
510
50
595
266
55
866
866
665
291
586
650
204
678
188
941
243
835
309
557
981
956
247
190
729
686
926
704
908
466
214
775
777
618
268
276
282
809
547
679
70
370
426
892
411
542
127
787
157
993
240
20
576
358
570
553
852
70
992
678
827
520
