#seed = 1301
902
757
778
69
633
527
176
890
947
368
933
190
305
790
377
23
188
825
163
772
801
310
976
524
278
897
413
172
243
791
945
239
610
481
729
896
412
309
313
51
922
318
500
273
549
867
657
770
578
205
938
365
589
394
473
259
737
167
634
578
130
195
447
365
15
438
596
953
591
864
168
554
959
550
980
763
101
775
587
661
852
420
814
487
676
878
11
83
325
178
657
777
704
759
843
997
674
993
478
316
862
365
553
516
438
940
768
385
846
981
821
995
421
619
244
693
992
62
193
105
509
45
768
526
401
233
840
420
694
948
949
102
805
120
648
838
963
237
166
438
27
706
794
450
553
309
991
740
302
837
974
975
341
972
977
901
80
307
50
12
864
21
394
867
351
981
90
762
332
748
271
87
42
490
382
157
365
766
860
231
106
224
160
675
26
476
768
201
547
337
517
810
195
639
836
14
354
984
689
581
106
37
930
743
838
41
933
88
420
794
119
411
208
867
50
999
743
487
635
807
589
945
549
226
99
767
221
667
248
340
459
476
307
60
713
907
946
818
235
87
411
550
412
979
644
442
753
856
112
611
507
218
673
869
679
89
261
239
602
535
7
182
971
369
242
830
729
991
644
954
45
261
445
68
830
588
810
81
351
83
914
260
855
822
109
706
573
249
508
533
902
662
241
10
781
754
732
998
117
709
334
981
366
968
246
267
841
65
894
59
330
194
393
236
505
257
971
364
21
696
845
101
342
763
891
428
429
233
252
376
354
108
710
527
882
451
131
828
67
79
436
981
965
123
336
665
542
604
792
119
34
232
835
377
622
619
473
695
503
500
934
488
260
742
486
60
85
482
543
325
982
658
967
859
859
184
811
790
930
373
961
726
856
182
682
119
465
809
207
625
984
861
79
835
278
551
859
783
19
417
663
985
582
77
725
169
563
623
142
344
208
720
936
855
91
143
887
594
700
170
297
716
650
258
875
708
405
596
409
805
368
620
982
468
737
732
720
746
566
963
302
785
157
449
586
980
904
109
77
623
923
169
315
157
67
534
980
608
149
369
92
938
640
231
80
458
217
789
13
531
681
951
727
239
405
850
818
825
465
766
417
304
345
763
49
175
686
844
617
913
730
81
552
290
624
302
242
616
346
865
992
928
25
129
900
118
187
82
742
228
292
389
6
59
707
835
439
624
471
562
923
213
607
529
816
968
123
701
975
825
274
982
966
181
800
452
769
144
588
83
289
119
772
613
40
947
189
46
216
26
346
835
768
535
712
412
258
986
613
368
148
674
43
528
649
310
44
964
875
955
675
161
143
528
173
60
372
653
794
264
521
82
108
235
419
68
547
511
993
386
642
116
788
821
865
90
485
358
744
988
717
858
373
993
835
808
11
636
886
804
215
292
39
356
271
541
833
359
442
797
840
997
982
131
371
544
674
1
936
610
936
722
371
762
694
582
962
78
786
699
400
732
872
830
700
475
273
543
397
244
521
811
485
982
989
842
438
223
224
576
413
302
345
233
346
317
170
173
401
117
79
668
208
961
304
195
261
572
661
916
532
143
942
212
26
203
12
21
217
356
943
604
1000
230
757
29
317
881
124
642
698
216
12
75
250
448
812
567
94
644
639
656
857
605
179
709
140
430
950
601
278
821
517
216
428
925
314
218
361
633
313
24
170
756
135
12
697
12
856
885
851
980
843
351
568
104
892
161
95
372
975
728
91
5
267
321
527
841
867
644
233
626
236
284
821
837
963
842
937
929
815
737
48
875
638
357
622
503
431
245
207
496
939
591
364
480
984
642
107
508
379
911
369
583
578
865
263
807
884
299
967
548
398
841
873
324
938
814
478
235
77
516
856
776
758
427
172
259
134
208
29
187
401
383
134
980
671
20
516
213
542
858
886
583
112
510
450
554
685
102
413
386
125
163
942
822
316
238
935
289
578
799
353
953
686
888
180
525
382
200
400
988
766
667
746
272
330
79
438
298
66
361
926
495
41
270
308
887
402
926
642
422
24
602
963
332
487
766
589
919
732
297
566
480
678
754
856
667
880
949
443
720
37
931
181
22
278
64
552
663
386
493
48
87
923
309
687
550
697
141
135
125
525
357
68
365
468
83
140
730
470
951
51
271
130
912
375
12
952
85
389
58
842
184
182
318
760
293
889
748
950
1
262
995
61
246
508
686
763
834
488
171
231
270
628
892
725
52
655
523
682
522
222
843
589
700
287
201
834
758
445
810
884
222
589
37
919
576
604
793
943
643
691
889
264
97
88
860
795
884
210
802
841
579
864
95
271
580
847
724
846
971
7
443
462
513
496
72
879
864
398
864
892
66
942
457
188
546
892
624
462
874
499
154
16
363
48
914
140
779
627
985
752
881
594
348
753
116
468
863
395
65
351
392
686
483
471
750
457
773
260
527
204
83
174
385
237
399
552
120
409
247
918
526
644
459
660
761
311
156
276
31
957
352
787
140
834
154
617
724
504
191
140
36
288
115
328
530
761
658
69
989
528
914
916
542
437
374
759
550
237
317
517
250
721
377
454
522
635
844
265
47
480
275
920
746
726
871
780
793
875
625
683
260
391
874
306
742
936
389
176
391
24
108
42
494
677
70
260
988
556
411
730
468
515
254
948
134
298
73
751
138
301
175
86
834
329
266
564
385
168
557
860
679
75
939
391
22
123
934
193
487
971
508
593
686
702
852
163
308
553
878
220
842
620
729
705
443
162
518
229
443
874
617
957
340
722
719
769
951
119
43
697
159
612
947
449
721
484
264
115
47
173
739
264
180
307
794
274
715
398
129
841
872
730
6
16
608
617
149
371
868
231
826
711
575
441
989
958
673
586
190
86
717
564
698
189
189
536
151
68
453
890
569
844
893
75
367
841
119
564
823
962
545
717
742
929
165
487
76
645
387
876
396
850
352
321
1
298
559
316
243
714
366
992
417
155
916
26
505
956
215
376
803
41
234
77
619
361
643
91
549
401
266
357
211
529
973
752
778
32
960
390
323
842
658
126
453
402
708
35
823
668
898
871
467
964
595
44
767
773
686
520
621
503
714
930
497
792
128
45
995
757
788
640
282
590
69
487
457
772
430
890
334
799
829
311
117
64
841
166
923
71
737
354
862
626
896
503
82
859
844
20
230
741
637
255
533
147
835
511
657
645
872
458
450
120
452
803
339
16
343
63
806
916
522
69
902
206
991
112
489
726
926
754
17
891
265
62
208
485
39
842
185
961
261
927
454
938
211
255
419
745
106
346
673
104
691
909
799
320
83
152
779
725
418
969
254
867
619
722
774
432
830
700
13
542
961
439
54
450
549
951
680
94
53
732
787
479
825
254
815
612
952
747
803
372
540
951
699
890
655
335
676
112
84
866
825
845
112
452
671
997
816
24
701
627
180
57
221
957
624
109
968
868
75
399
334
479
552
927
419
811
170
792
965
129
101
838
257
164
39
322
637
621
78
844
936
197
635
132
422
318
283
308
288
758
303
766
552
33
145
29
210
51
231
234
973
191
764
374
313
70
305
503
299
591
899
961
788
935
142
970
152
998
176
793
385
30
104
972
812
752
356
317
259
445
866
561
497
813
903
421
669
888
355
709
334
631
493
714
741
662
466
438
719
760
473
487
297
183
538
455
662
454
653
676
548
141
944
752
965
537
520
335
337
533
927
600
849
353
662
635
414
589
218
469
544
722
315
651
131
941
794
920
195
649
656
996
496
576
67
172
820
981
763
536
274
505
115
486
921
993
884
880
501
216
651
979
463
846
514
247
738
437
459
670
406
51
625
899
163
737
425
809
891
823
118
981
346
769
659
945
401
922
472
445
333
524
847
820
559
737
505
616
140
674
242
859
77
553
115
964
289
860
134
146
861
737
35
960
598
488
361
661
454
242
593
231
794
172
900
91
548
128
357
979
972
632
297
828
361
887
739
851
830
766
588
676
191
544
496
943
114
667
859
991
587
204
946
608
400
237
726
653
227
437
746
891
446
540
246
781
16
737
109
468
389
275
425
451
141
392
599
517
995
685
156
275
245
123
702
598
131
10
327
533
584
85
452
716
870
785
925
881
518
731
293
436
444
317
616
922
129
253
84
542
523
571
512
237
839
716
178
124
615
872
349
832
214
44
343
274
87
292
864
181
518
401
326
893
222
963
46
654
314
923
589
998
335
112
396
296
862
628
530
302
936
41
203
282
458
510
726
337
479
240
989
133
661
263
197
309
671
62
165
195
386
702
532
689
652
816
787
449
30
733
761
48
386
348
525
358
135
686
694
357
529
306
927
988
862
160
574
983
563
884
315
116
109
506
630
700
396
360
713
412
746
468
997
647
729
818
520
474
58
986
259
747
305
485
706
855
414
194
189
199
615
537
996
806
208
546
447
1
733
123
211
92
6
213
600
581
281
810
151
647
86
397
481
982
99
789
659
217
848
447
502
609
37
375
690
724
751
92
275
518
81
973
923
214
679
180
487
808
630
973
926
204
312
802
796
666
443
639
821
55
681
61
356
841
642
741
995
932
237
962
645
582
718
843
647
733
761
356
174
459
284
745
602
779
139
118
223
659
525
254
668
725
804
286
580
524
674
436
354
911
422
769
170
661
38
385
347
646
823
67
200
986
664
153
814
816
140
958
647
277
333
262
164
87
870
815
338
828
825
242
284
20
720
934
70
664
759
585
57
533
29
420
754
329
612
202
166
785
454
236
48
796
903
548
146
40
210
516
594
895
348
411
75
749
404
219
29
921
948
58
79
366
177
890
433
876
845
279
430
120
670
253
326
437
128
964
609
533
565
793
807
312
701
898
117
927
568
693
275
102
656
285
296
884
340
683
438
504
495
381
371
129
896
589
20
594
354
745
686
641
883
282
503
587
577
691
862
366
824
136
507
801
369
600
193
532
621
225
104
1000
311
415
87
146
959
64
271
905
210
623
931
289
575
482
604
972
772
595
704
389
103
128
698
304
346
655
941
425
789
497
777
919
175
377
705
877
559
402
83
557
572
106
598
505
365
247
162
520
363
389
49
49
562
625
812
78
558
84
128
176
907
439
919
235
820
496
802
654
381
15
364
82
388
287
402
36
722
908
95
657
856
685
100
629
172
694
732
848
339
374
374
101
320
487
452
7
155
599
544
235
973
954
678
805
311
98
556
376
642
500
253
181
113
752
430
486
178
93
1000
344
732
686
124
819
43
413
252
496
414
971
382
902
882
521
124
656
999
165
774
382
720
333
322
527
1000
201
737
824
832
408
234
579
685
770
732
55
862
309
965
592
779
391
864
307
152
38
987
409
289
823
494
725
761
593
879
51
891
717
163
806
345
173
999
94
58
830
29
125
181
747
9
269
500
407
427
728
541
638
343
866
218
937
288
863
840
469
51
53
708
575
551
365
881
526
243
708
471
244
168
568
485
730
141
122
847
864
938
759
922
566
844
233
20
617
670
496
905
381
321
993
225
796
434
233
245
328
954
801
208
243
315
581
642
360
221
522
630
13
409
204
294
840
869
33
637
795
702
966
962
949
636
804
444
974
39
966
777
415
783
729
425
604
617
72
479
215
405
795
423
403
572
388
146
385
151
799
487
202
443
3
309
721
161
856
235
156
834
655
536
415
311
416
358
93
302
37
736
117
80
129
5
365
88
787
381
221
358
237
456
762
610
604
718
765
892
563
161
439
743
336
990
60
518
155
131
74
182
207
866
532
396
974
387
319
40
381
816
120
206
241
442
559
157
84
850
245
513
688
505
982
547
807
160
410
880
676
972
110
758
850
745
953
419
776
183
46
768
493
130
270
883
77
179
207
642
960
12
860
891
587
793
506
305
766
42
53
448
745
917
861
193
716
64
864
74
481
900
885
269
296
925
514
352
943
910
211
396
476
273
992
911
864
796
433
557
610
599
88
907
781
34
132
892
959
324
29
804
439
765
961
594
985
341
194
562
530
982
153
424
139
44
747
905
252
910
814
11
86
740
329
261
468
135
934
297
383
576
484
214
485
240
813
523
142
263
448
477
194
713
860
41
906
130
843
533
721
442
478
304
527
804
986
962
523
896
927
478
849
416
681
661
951
168
741
516
760
895
754
941
124
346
449
843
484
303
978
374
837
382
444
783
665
36
929
558
964
577
764
47
345
10
96
227
922
393
758
306
950
176
994
141
178
804
603
402
583
526
677
802
619
781
325
772
839
919
904
428
436
391
160
678
747
376
692
484
56
535
939
880
818
198
173
851
82
429
366
179
813
467
880
83
943
507
868
84
198
442
964
153
976
932
576
929
258
174
683
990
15
414
625
162
617
238
367
841
750
208
343
105
58
715
391
486
693
780
485
970
417
40
337
913
755
149
623
339
171
753
775
675
505
746
611
564
726
788
909
260
212
937
242
496
795
522
854
246
154
852
53
490
230
654
147
408
289
375
618
312
82
100
30
680
764
487
950
515
302
371
864
127
720
932
529
285
356
843
233
425
744
991
919
433
119
815
750
978
438
948
435
341
242
892
74
449
179
689
628
986
357
840
511
608
636
20
842
762
73
131
284
865
925
905
480
833
120
904
694
538
279
553
641
357
720
260
336
546
587
116
28
942
151
862
173
937
741
383
97
109
549
957
530
155
164
710
443
696
143
381
55
957
950
795
214
316
767
897
412
382
414
204
439
65
831
594
982
535
496
968
649
898
813
982
713
987
777
394
236
426
685
1
564
63
137
892
182
135
333
583
914
554
738
709
420
481
865
839
597
478
71
811
974
747
709
921
259
220
648
937
288
809
545
728
835
219
115
154
925
928
315
105
566
794
297
475
204
161
779
42
624
689
104
932
581
126
648
691
525
884
709
111
802
195
397
207
894
759
191
919
680
421
504
436
444
882
777
594
309
382
495
174
433
197
342
487
849
358
419
663
4
101
653
880
871
739
478
522
707
517
364
153
938
10
478
171
799
581
525
150
786
459
762
288
997
630
942
89
455
608
57
506
354
436
754
705
914
382
496
164
468
874
955
579
584
585
378
762
973
609
762
484
128
292
295
835
129
144
786
28
610
591
551
856
940
868
226
332
103
358
878
938
478
10
473
280
869
368
935
366
313
312
114
262
10
429
3
948
7
111
567
541
998
799
481
148
174
891
736
86
283
89
661
831
973
904
915
790
886
850
243
891
758
863
938
553
93
235
634
911
132
646
482
752
880
452
491
986
972
235
48
996
521
674
712
712
869
554
932
936
230
452
319
196
785
345
431
818
772
393
39
983
788
915
446
713
723
723
880
743
945
721
238
288
934
862
948
696
242
338
520
641
105
473
602
606
494
44
708
491
707
163
975
784
818
960
167
828
228
927
140
566
243
681
679
447
717
992
717
396
960
493
203
79
212
629
862
868
466
642
789
897
879
453
222
87
564
497
737
726
414
396
965
325
885
207
189
750
43
116
399
783
978
846
737
365
650
420
584
723
871
848
846
697
715
164
719
336
573
124
896
105
341
614
437
437
394
678
422
471
459
262
413
286
326
363
678
15
272
379
251
679
890
762
3
365
636
939
895
942
656
355
241
146
526
682
697
52
520
763
5
704
801
891
388
740
990
670
455
57
681
316
428
635
382
19
697
211
133
894
249
942
187
675
30
78
4
339
308
630
657
642
510
659
425
182
199
798
16
28
894
974
569
342
879
67
329
200
754
253
154
754
779
667
216
304
365
415
556
837
227
238
602
55
997
230
785
643
355
24
982
225
737
180
589
762
831
116
710
142
164
681
432
202
7
905
116
86
129
11
689
149
474
369
879
685
678
923
322
607
716
333
213
800
475
966
784
390
281
177
504
862
970
833
466
754
561
710
764
857
598
364
911
838
924
282
172
202
398
872
586
284
445
105
905
959
880
816
687
749
849
343
301
511
672
523
341
142
6
227
58
652
760
559
171
804
286
998
93
40
287
159
84
880
707
417
982
696
581
478
437
203
970
922
799
924
122
234
308
867
162
479
339
324
300
1
696
507
252
928
54
604
591
814
117
503
650
889
632
840
252
876
215
692
825
173
332
272
797
713
851
316
737
860
26
645
108
829
539
656
241
453
827
337
17
288
408
723
909
636
163
787
155
318
879
813
234
885
742
72
619
38
463
293
150
590
269
890
294
726
871
614
858
432
799
437
553
24
658
810
625
390
891
740
172
584
852
785
712
333
466
296
994
716
251
523
558
2
759
193
69
522
984
849
51
126
32
210
107
796
190
384
978
117
292
224
309
31
383
301
904
505
212
955
389
670
316
561
828
491
204
668
893
827
155
526
927
587
896
949
668
255
632
207
715
978
297
691
929
925
254
555
878
231
176
495
1000
210
901
571
718
886
319
848
386
63
43
191
979
106
629
689
990
605
229
53
313
931
208
881
157
911
549
569
333
104
929
190
799
227
666
381
533
775
237
648
608
225
13
426
555
303
649
724
343
658
944
997
888
820
523
446
427
241
983
339
250
675
493
933
550
85
88
292
576
841
619
938
756
685
452
419
794
159
609
928
242
433
493
491
515
649
263
733
497
303
144
571
225
593
543
39
898
980
570
347
489
272
883
48
56
846
85
204
517
278
857
562
243
664
817
572
231
764
208
963
785
454
269
311
301
449
98
314
141
396
741
990
501
305
554
423
602
666
915
891
520
559
757
942
206
434
240
675
920
556
811
380
993
440
169
442
195
677
348
488
381
385
868
314
631
8
372
971
789
788
938
140
470
398
465
512
488
75
309
108
825
259
842
740
460
242
176
784
15
857
895
510
573
831
348
338
620
664
405
256
357
896
543
737
268
593
873
395
955
847
268
131
287
205
361
719
630
857
167
662
76
34
496
504
193
410
255
106
992
710
393
281
374
274
733
616
949
473
528
925
709
818
377
173
6
239
958
472
612
735
730
823
343
827
628
634
349
550
196
830
431
141
388
171
301
638
688
724
815
748
20
704
145
48
105
821
513
700
772
60
656
114
227
775
947
401
189
639
670
423
988
483
644
234
921
442
756
880
797
337
987
870
632
720
19
805
168
247
357
393
143
559
216
516
952
67
109
688
576
684
286
417
470
268
131
512
878
226
369
620
264
876
256
162
223
571
855
382
89
56
846
714
874
148
31
387
413
853
81
227
704
357
427
992
371
781
906
548
133
566
807
782
763
160
696
69
974
563
297
165
608
211
911
170
994
297
89
489
877
652
123
686
51
94
384
16
313
682
59
305
604
300
874
626
100
465
816
627
946
805
510
87
73
92
365
6
372
752
26
252
292
505
926
870
884
514
161
893
43
536
227
148
765
78
214
748
671
483
3
182
669
949
280
736
513
631
851
513
770
798
582
414
759
321
71
943
270
311
666
116
806
402
549
264
229
977
136
1000
335
915
919
861
556
975
653
548
692
577
22
559
817
799
610
973
489
513
689
196
871
215
823
847
941
60
102
754
88
880
450
210
928
316
709
274
59
151
728
16
661
429
354
46
765
118
136
892
855
989
457
146
617
759
229
99
797
395
842
614
722
113
26
878
703
155
820
49
982
808
637
158
592
967
707
279
866
145
574
590
36
615
147
540
770
466
542
237
465
242
484
847
911
958
651
784
239
786
806
999
80
295
688
827
178
44
412
281
76
2
743
369
108
741
507
327
748
246
200
663
349
805
361
233
227
836
73
109
397
455
912
528
407
616
926
980
406
911
402
653
783
590
631
792
860
370
996
126
916
453
326
782
798
537
285
353
322
311
296
463
388
973
301
919
406
430
377
851
624
924
32
738
567
720
26
63
567
394
147
494
678
156
964
367
863
232
259
619
791
50
884
251
184
609
882
848
344
631
607
790
629
23
723
273
927
766
476
177
850
354
243
210
766
775
807
380
421
352
496
842
400
27
209
718
46
709
363
553
442
261
787
711
912
109
111
513
749
754
882
436
784
28
273
711
656
977
297
859
939
37
520
475
767
908
372
490
441
535
83
107
857
789
169
324
710
857
960
972
27
329
359
955
573
967
329
377
176
840
768
246
493
161
630
497
714
450
880
108
30
531
375
404
839
962
629
679
26
655
993
334
982
511
734
186
758
252
558
723
481
966
414
251
672
442
215
88
475
80
353
49
744
43
867
312
809
298
891
382
401
795
78
164
195
23
317
29
870
393
749
449
929
280
361
692
839
115
254
134
687
372
579
619
579
245
203
418
659
631
416
939
302
746
573
602
420
367
648
656
218
321
706
152
906
961
988
519
343
73
489
268
666
816
2
224
428
500
594
591
265
654
150
604
317
551
944
571
670
697
225
871
933
936
888
668
138
871
868
279
619
574
313
297
272
81
154
386
142
821
716
10
823
219
635
171
323
423
332
267
85
322
109
646
979
579
564
248
723
60
963
351
591
472
749
727
13
683
224
383
710
530
975
200
857
922
226
806
579
940
148
623
68
245
201
433
241
100
282
72
594
421
383
581
24
899
839
802
197
322
271
857
831
369
293
701
698
566
303
288
433
92
557
699
401
216
912
596
810
697
613
370
987
718
394
76
225
817
716
599
804
745
227
470
310
453
258
740
120
684
782
821
434
90
403
770
191
693
534
139
707
806
866
151
50
866
698
759
535
504
744
601
461
573
432
753
29
267
516
81
365
808
668
432
753
619
665
385
281
153
167
682
559
646
661
741
987
543
202
36
221
723
790
5
254
242
826
477
507
862
565
689
223
94
259
63
75
154
252
651
853
720
159
790
843
644
121
512
930
983
222
502
679
887
411
615
113
780
157
992
673
258
385
455
440
290
233
5
571
363
488
381
589
190
66
713
898
751
747
227
291
519
427
585
114
318
274
282
619
478
549
125
590
531
77
504
885
703
65
846
438
986
880
930
870
214
165
560
616
216
791
891
953
307
683
417
929
742
200
714
809
158
607
535
35
102
605
448
458
330
639
486
127
796
473
431
53
45
611
47
274
141
664
852
890
86
100
42
713
578
273
884
149
734
598
508
678
822
557
978
635
279
607
825
898
331
295
647
308
679
799
731
907
617
499
704
616
725
872
504
525
815
680
972
228
858
694
431
826
855
728
411
524
778
806
171
180
14
741
591
200
912
248
838
127
392
91
454
721
724
141
567
74
280
387
685
610
32
587
660
756
766
115
158
145
166
550
80
192
734
832
523
341
851
391
973
187
839
54
288
935
871
118
723
547
249
955
228
347
434
697
535
863
933
98
560
573
952
397
636
27
881
571
173
502
934
129
253
370
33
238
386
983
970
1000
480
388
454
431
348
10
118
333
316
560
290
848
532
718
740
22
91
584
138
940
540
33
43
531
552
689
842
127
161
805
832
965
234
970
964
961
218
85
734
625
31
233
681
874
503
142
854
85
241
