#seed = 707
981
268
703
139
320
584
818
746
282
214
437
468
409
963
646
941
216
930
718
632
239
783
229
231
659
855
673
709
971
380
723
842
478
893
590
6
36
25
404
729
895
788
767
398
765
530
265
368
349
920
969
181
196
578
979
935
235
999
418
649
887
712
44
895
100
536
322
518
558
654
115
74
222
237
428
262
870
268
574
270
329
113
539
881
690
137
494
299
799
443
207
614
721
818
688
768
579
97
288
47
661
57
257
865
68
245
919
129
151
767
527
123
265
819
713
281
54
905
292
726
43
840
741
55
695
54
955
618
912
516
667
886
747
406
131
354
884
672
980
794
150
12
1
75
223
417
694
568
75
237
183
245
724
354
983
617
315
431
162
336
973
205
903
414
973
178
261
408
178
307
288
77
461
505
920
2
593
910
79
570
526
450
213
868
276
606
554
598
913
961
223
136
32
880
921
755
182
224
75
537
914
288
470
374
848
362
1000
723
841
72
759
3
915
667
136
623
689
198
129
108
79
849
78
556
148
658
404
650
739
725
520
87
672
844
875
513
164
682
525
371
725
538
490
184
142
389
381
81
822
7
80
670
991
507
861
945
765
181
356
702
768
197
482
374
632
516
658
459
197
446
91
566
896
15
21
156
658
747
384
79
95
94
420
297
597
122
847
899
431
382
414
787
161
731
540
876
431
522
272
671
102
617
733
688
423
925
643
411
492
74
518
117
32
205
632
831
751
994
688
173
230
145
46
5
121
180
473
755
840
435
271
482
469
112
729
532
356
263
65
194
295
677
40
895
117
90
568
54
183
72
411
317
879
547
23
33
125
387
518
273
911
236
526
142
539
583
721
543
101
601
778
988
664
465
237
457
859
31
473
2
737
664
14
125
884
238
893
906
992
12
496
895
1000
671
390
761
495
881
523
317
532
495
322
885
667
481
392
782
348
26
127
565
555
53
987
58
187
871
92
781
799
180
265
460
903
114
101
22
243
98
1
258
679
845
46
953
995
642
429
563
254
125
117
29
990
68
199
479
527
667
986
308
310
55
702
795
224
552
503
514
84
527
416
450
153
903
185
613
437
680
559
484
956
534
415
405
249
128
542
266
924
556
784
581
656
720
75
815
152
188
623
952
69
491
420
864
862
289
664
532
565
582
836
53
834
519
361
706
510
542
636
829
590
232
44
211
74
284
516
309
225
180
417
828
291
156
857
249
219
303
918
714
686
352
62
865
388
726
432
958
10
113
357
269
266
473
97
218
1000
751
301
785
993
570
714
82
514
907
891
57
754
189
511
812
477
915
314
717
694
302
416
159
209
462
69
182
674
565
948
647
165
3
945
839
883
420
437
959
141
958
918
884
713
807
352
853
62
579
61
37
229
722
724
969
726
416
32
948
292
511
920
157
54
911
222
922
795
837
511
182
121
985
806
765
498
201
997
97
236
995
649
573
956
136
464
750
958
244
754
82
123
930
9
528
415
357
159
759
669
793
858
75
130
111
695
634
763
815
32
940
788
792
691
457
558
107
761
540
756
366
926
309
603
996
692
901
723
465
735
698
718
843
29
890
211
157
644
573
647
125
183
3
146
237
871
60
401
231
258
582
902
665
658
345
160
807
28
815
351
272
379
343
336
985
914
80
825
766
435
587
587
455
622
41
697
983
480
987
985
631
983
513
525
521
288
218
494
865
630
858
151
590
344
953
385
526
797
888
816
799
270
167
457
562
592
802
214
841
604
210
904
849
509
279
88
443
390
891
810
517
685
538
334
150
344
422
924
574
442
479
435
363
578
79
583
400
225
59
61
232
214
877
939
608
359
526
841
123
814
610
990
207
918
228
9
572
80
128
61
597
158
383
527
295
11
237
783
718
390
638
617
423
913
727
535
808
10
322
661
388
925
65
856
162
475
35
123
629
612
20
216
7
365
430
288
150
5
102
343
832
82
169
503
739
763
534
535
269
193
333
255
634
711
636
307
660
403
987
826
741
616
757
258
816
673
455
961
421
76
629
610
59
17
584
946
207
470
980
55
291
496
589
852
802
8
641
475
896
280
552
304
47
552
249
221
852
473
735
279
727
492
976
572
849
304
981
600
528
591
733
923
502
916
37
152
16
380
354
244
434
262
7
857
376
63
10
383
159
190
960
782
881
809
649
362
880
314
550
739
482
578
903
367
690
945
929
111
751
167
861
131
38
417
659
210
787
531
173
915
309
134
64
825
279
599
989
678
786
340
199
615
8
651
628
32
275
721
470
748
92
596
804
882
824
278
513
887
53
558
62
413
378
533
459
637
812
41
928
310
964
505
2
489
966
462
818
424
597
666
879
971
754
417
75
87
404
744
675
588
265
966
712
137
522
501
475
781
700
245
134
461
499
998
197
981
89
415
963
805
900
880
368
594
238
424
760
205
814
980
671
868
252
181
625
531
529
693
646
7
604
357
786
63
265
614
451
175
93
466
155
450
301
318
998
547
411
567
901
312
250
829
200
340
937
800
443
807
379
94
407
573
8
719
977
176
924
677
272
210
685
947
72
59
930
440
867
50
38
520
47
156
68
632
635
655
469
124
219
514
709
342
291
19
827
733
799
148
919
920
49
331
198
573
860
132
416
579
821
629
331
152
42
926
592
984
75
714
979
619
732
55
297
241
428
934
234
428
520
863
421
274
985
549
947
350
164
249
947
482
208
374
797
923
466
200
650
713
492
417
592
434
396
898
868
850
304
826
872
272
872
918
340
144
148
45
328
80
828
615
264
282
670
58
928
693
562
336
863
856
82
528
64
652
845
199
730
373
59
275
418
789
242
68
919
533
934
959
587
185
496
448
345
582
645
604
961
538
519
849
897
680
594
546
838
599
484
594
968
967
855
780
51
671
331
365
289
837
476
975
613
235
891
810
211
322
424
945
532
30
885
991
349
934
734
820
158
830
421
463
656
699
338
834
216
802
895
749
376
69
281
352
941
275
938
696
179
3
92
885
164
989
928
398
959
213
37
889
413
228
876
475
911
373
855
744
124
73
178
200
919
280
113
750
540
733
729
30
579
556
860
867
301
938
300
858
140
73
856
310
183
87
52
785
442
970
770
275
828
706
207
234
810
11
993
743
817
949
460
41
177
522
500
176
468
35
828
279
206
911
645
247
871
697
58
869
635
133
600
151
867
767
299
200
773
457
900
525
94
295
327
659
159
591
248
911
509
994
725
298
682
122
783
823
634
760
178
531
504
331
124
967
134
494
610
140
819
494
894
317
439
782
333
770
419
498
973
990
587
901
107
622
477
607
794
667
595
470
728
615
811
471
434
673
73
217
304
996
66
479
587
258
673
632
467
16
351
805
165
807
43
718
746
663
201
921
475
623
63
664
543
357
114
21
199
750
687
981
121
315
549
15
32
697
656
904
85
331
169
284
31
742
656
514
781
425
828
996
812
414
681
754
885
442
816
402
918
269
292
174
856
709
48
627
16
974
999
385
255
206
451
307
268
328
343
205
554
400
784
453
596
661
878
608
268
696
416
530
451
96
21
849
890
175
743
214
311
540
170
321
476
334
379
64
138
201
923
659
155
1000
203
71
980
904
249
758
825
789
200
927
962
219
366
295
979
507
158
356
498
984
502
730
193
749
260
900
628
661
249
560
748
774
975
319
746
738
999
999
183
972
819
584
176
940
234
535
855
471
65
402
980
686
223
697
738
992
105
733
550
423
996
744
371
621
594
224
809
792
851
873
524
713
836
542
120
405
341
76
921
766
621
811
817
673
112
194
475
364
248
990
685
332
409
238
570
440
982
414
717
574
130
943
970
784
889
479
830
131
765
162
519
860
740
116
677
518
942
97
616
252
372
212
315
967
412
128
750
429
705
854
754
271
903
236
286
590
325
310
302
865
123
588
987
157
75
656
381
81
708
922
588
316
345
890
703
342
488
713
411
104
446
580
549
496
295
909
19
541
108
192
869
28
389
896
833
437
398
172
564
941
959
49
132
520
170
316
594
10
57
308
517
323
528
2
193
149
622
15
7
435
849
144
894
496
919
240
871
224
585
114
102
975
898
425
836
484
277
615
194
330
916
582
576
507
229
454
315
633
879
364
508
115
698
883
949
424
292
289
991
835
192
985
840
675
178
760
512
797
149
134
242
848
157
180
551
981
480
836
789
673
222
681
759
193
114
404
535
897
9
95
615
353
856
570
780
612
594
433
307
478
422
782
14
473
167
176
375
268
605
191
349
185
688
610
268
353
205
535
999
727
826
639
537
581
115
268
288
295
159
303
11
346
436
314
842
312
926
343
52
220
503
347
646
268
201
659
767
823
431
649
169
781
482
755
225
869
414
896
696
167
500
295
978
823
787
751
147
234
680
429
953
745
868
949
805
383
228
536
147
560
444
933
481
648
701
383
389
725
638
412
678
2
230
358
421
352
207
727
876
211
142
189
764
607
439
16
21
646
838
644
870
767
424
120
356
347
712
145
991
839
301
411
224
137
624
422
911
18
628
49
330
327
662
957
967
643
404
376
114
532
826
453
2
128
311
125
701
564
38
292
724
664
505
362
186
3
639
220
782
599
574
934
927
921
100
440
815
583
191
386
776
70
357
77
27
910
941
960
32
276
924
932
336
285
372
444
958
594
647
564
20
541
201
173
65
693
843
521
120
409
476
226
660
607
434
794
879
248
206
630
538
378
622
740
175
601
604
526
562
291
675
74
542
174
441
911
619
297
120
590
5
252
623
962
977
180
718
414
552
527
639
522
406
520
311
482
68
512
923
875
89
354
496
369
255
616
19
706
18
647
447
161
132
68
412
769
123
121
988
886
539
368
962
321
688
707
180
720
884
894
879
119
87
146
569
823
261
806
809
449
1
852
442
736
287
29
607
144
278
546
137
646
492
360
716
118
892
119
304
747
835
151
58
351
353
408
594
847
194
164
664
481
908
323
712
949
99
979
220
181
975
82
625
827
759
26
145
805
703
623
111
943
533
688
26
958
914
607
272
780
947
799
100
301
415
321
35
549
171
555
744
651
585
958
407
694
392
146
622
795
76
928
519
760
718
715
194
768
998
268
911
684
940
89
578
578
319
994
159
836
877
959
357
783
240
793
567
782
434
828
869
539
519
957
889
26
921
38
229
866
489
691
242
137
417
952
756
459
599
129
777
814
979
573
528
100
913
752
942
638
442
468
371
970
637
443
611
337
507
60
9
368
552
927
790
648
645
647
47
68
179
347
525
991
322
864
405
303
927
343
928
634
652
462
805
387
377
166
665
65
760
121
737
461
726
685
798
773
677
506
328
474
727
540
742
930
886
964
896
379
334
985
336
453
715
807
21
619
375
818
343
398
68
465
609
629
207
729
415
732
885
261
113
376
96
271
496
469
906
70
430
236
315
820
250
749
269
858
576
740
411
922
903
347
138
128
772
268
8
543
917
145
649
644
839
211
449
721
904
739
179
96
625
215
608
281
411
308
308
274
459
493
610
563
256
198
143
571
56
543
116
746
763
616
709
67
495
902
198
717
882
319
318
104
126
287
99
327
951
560
213
661
304
423
103
40
404
457
543
5
176
338
775
702
877
677
428
263
819
45
348
241
193
382
541
88
50
377
544
776
713
475
579
671
165
433
142
518
271
65
894
338
120
40
653
825
56
396
779
963
561
261
110
607
522
133
12
486
295
312
857
432
334
810
236
226
764
932
100
601
54
699
688
518
956
941
3
661
823
176
182
355
484
329
448
307
432
14
529
989
531
305
324
845
89
801
826
267
67
758
363
252
837
569
176
213
520
782
892
847
783
927
657
803
135
30
262
458
224
30
342
538
224
766
180
249
855
900
634
967
109
754
81
756
143
192
763
819
640
950
428
266
644
939
239
895
832
231
909
680
213
185
280
511
404
894
877
576
595
151
456
873
421
757
858
205
696
428
253
748
904
361
928
595
329
265
413
443
290
864
584
937
556
979
467
98
281
586
500
112
610
13
232
469
201
898
760
322
877
712
498
341
356
124
739
758
355
749
456
700
416
670
411
384
904
671
522
325
677
600
676
915
959
292
21
495
12
254
577
392
570
746
309
353
568
570
937
542
109
539
385
117
272
364
155
546
254
603
475
806
179
516
993
189
479
638
276
19
513
628
976
3
874
317
475
828
824
200
622
944
691
567
183
841
317
927
507
555
866
394
96
440
694
753
448
364
310
921
625
638
742
920
914
895
394
452
928
842
256
585
679
432
139
677
372
182
291
666
663
646
543
735
6
647
388
699
804
874
791
167
544
594
286
871
114
271
149
949
424
519
389
57
543
417
134
129
813
680
325
105
995
328
521
64
793
856
712
127
689
251
814
726
189
325
605
612
220
383
120
762
727
847
113
245
26
704
643
287
454
385
393
889
772
84
717
639
604
757
821
888
251
325
824
296
115
514
599
75
132
413
838
944
952
191
241
688
613
848
675
683
107
454
42
269
749
695
695
985
108
172
737
434
847
666
937
178
215
685
616
617
831
674
540
92
64
658
193
767
642
199
37
320
424
836
244
554
274
685
234
146
517
792
183
618
936
390
876
744
245
250
60
146
400
125
309
872
475
572
742
189
431
87
203
707
488
790
51
83
560
737
618
766
147
124
283
723
418
134
493
126
993
445
847
465
819
840
614
289
557
449
58
959
928
52
473
425
424
744
771
93
521
649
525
705
170
911
825
778
473
862
122
127
22
611
293
826
196
552
706
99
18
613
59
200
543
571
556
716
972
166
80
66
435
542
388
703
309
202
732
690
546
794
436
705
537
639
426
641
304
937
654
481
557
540
403
996
338
576
591
25
855
460
414
201
402
919
261
580
489
562
162
16
72
981
449
615
470
76
506
755
482
238
590
161
963
323
551
312
509
959
735
908
695
190
297
59
681
966
796
316
314
524
158
607
704
596
493
572
857
976
321
228
918
180
885
78
136
564
716
463
450
979
592
17
246
497
357
175
299
760
236
834
204
107
116
539
796
218
612
214
566
695
859
31
169
103
951
859
792
861
756
205
719
713
21
92
481
896
110
358
15
432
314
556
659
522
920
161
466
837
368
527
128
379
644
848
942
258
209
142
446
841
197
7
399
180
514
209
220
751
544
734
542
651
914
708
290
367
646
236
965
847
232
252
572
409
448
787
65
866
735
449
839
604
833
769
646
850
469
276
322
946
528
354
718
53
46
463
574
702
362
800
202
356
910
217
190
878
611
717
646
386
836
865
879
18
590
261
473
892
79
896
600
581
144
183
946
577
781
17
907
25
369
58
596
657
374
954
586
725
554
586
26
495
677
210
674
64
79
2
651
113
854
891
234
52
781
792
94
124
593
607
957
790
477
102
191
834
781
347
787
562
135
477
608
685
869
768
547
328
167
913
376
611
142
775
612
268
275
706
975
858
318
763
911
103
675
615
215
946
726
928
694
801
151
410
316
160
593
167
328
720
196
128
236
487
586
377
266
599
567
936
624
958
473
209
502
322
535
697
81
407
806
909
591
710
143
766
875
411
868
403
675
755
441
747
348
984
767
46
639
915
411
166
165
965
582
999
206
482
709
376
239
466
49
974
642
349
929
44
935
795
395
480
441
525
282
564
739
491
176
880
713
347
845
945
10
147
520
120
51
675
170
1
128
658
522
454
619
563
106
472
751
267
209
26
197
2
378
410
253
220
506
500
122
83
927
412
516
771
755
976
953
561
424
800
965
585
533
451
221
259
327
135
564
640
19
340
21
503
735
558
111
687
384
246
118
472
254
628
862
738
124
762
659
121
884
432
292
892
640
503
77
984
834
892
492
350
116
68
331
598
532
110
172
279
183
450
323
516
975
956
685
596
743
124
278
245
971
357
64
302
372
855
55
960
433
692
362
577
801
188
172
781
493
982
376
976
459
363
907
797
628
288
747
564
751
816
414
979
607
251
133
652
775
104
663
999
118
802
562
988
198
394
292
687
78
912
367
808
815
991
811
245
211
861
846
167
601
427
367
486
341
127
992
994
237
364
817
471
87
491
680
835
878
136
270
368
339
795
350
345
455
873
559
66
695
542
217
240
416
217
276
610
730
909
139
635
441
952
528
629
54
33
857
620
61
947
152
956
528
664
648
455
512
996
107
847
195
136
473
13
713
830
698
387
936
8
125
956
488
640
889
102
9
523
40
513
848
599
108
655
553
365
513
336
6
733
122
888
117
158
984
671
23
550
181
334
189
116
559
513
189
479
48
21
571
131
785
999
619
720
623
606
890
414
862
742
876
369
818
426
887
500
612
837
639
837
849
981
564
182
343
565
69
795
704
158
783
693
425
809
649
954
765
75
343
758
906
261
110
706
101
239
559
991
713
225
613
519
298
894
216
9
736
485
540
799
23
341
867
101
19
300
471
688
737
988
852
865
193
435
482
805
631
637
224
306
249
328
819
448
371
748
999
449
526
701
541
374
287
582
402
496
83
660
632
400
816
20
373
524
527
562
433
854
606
231
366
186
778
470
632
923
953
963
59
51
229
520
596
374
917
486
120
489
694
500
496
253
566
623
174
914
665
950
281
521
924
793
900
130
999
878
598
470
768
271
402
522
370
83
150
897
413
127
776
21
182
801
317
330
31
433
371
575
706
429
510
442
663
143
40
806
476
709
249
195
420
372
855
371
272
138
742
28
530
47
40
7
985
663
64
292
967
551
289
632
318
961
731
188
168
173
957
811
702
750
46
392
32
935
405
233
468
816
337
556
274
473
107
268
899
633
704
368
401
499
834
688
730
750
37
317
590
312
103
156
664
302
857
663
18
442
114
432
304
770
843
443
823
305
517
839
190
732
982
544
826
467
571
980
240
506
368
543
716
954
794
926
942
329
221
165
612
403
57
653
186
604
799
342
518
331
570
676
952
52
441
673
718
410
752
255
926
910
438
576
725
393
450
772
197
83
559
854
427
93
830
956
125
73
706
153
298
611
590
336
124
52
347
15
689
12
526
966
920
185
350
442
494
880
635
3
56
815
106
254
770
492
621
71
926
822
239
271
737
926
917
158
703
193
312
46
431
933
143
724
584
445
330
530
683
315
625
381
931
737
90
881
503
701
138
764
88
110
163
998
765
207
619
203
28
391
669
946
771
25
713
477
156
95
862
293
207
775
608
761
938
295
45
243
676
66
161
343
879
798
777
873
627
681
228
210
679
737
933
110
986
893
6
6
152
779
375
845
608
774
116
424
746
811
948
31
230
273
598
123
479
786
414
115
191
538
436
15
788
524
85
752
112
659
868
322
70
196
889
639
800
853
145
265
822
618
566
707
584
548
813
44
405
118
525
402
708
174
335
119
88
827
417
298
976
729
677
853
572
55
111
271
556
65
99
725
722
503
316
217
656
185
922
111
244
669
763
152
584
143
337
877
21
731
124
50
472
810
711
532
653
719
141
768
240
133
830
226
962
935
229
999
752
883
137
295
672
724
355
394
365
50
511
494
113
904
539
42
194
690
556
147
181
641
32
720
919
645
799
243
987
254
131
39
613
590
190
841
133
726
306
84
728
492
707
877
824
318
329
239
843
406
778
228
305
657
900
122
511
85
976
685
480
751
682
942
203
927
269
384
856
105
171
410
572
344
714
406
125
392
226
454
359
624
339
333
52
195
596
769
282
546
870
571
662
15
831
872
590
216
754
656
364
790
139
312
591
698
536
806
620
931
612
241
689
14
517
154
802
810
173
371
164
574
997
194
631
994
277
497
113
879
393
118
549
164
38
466
171
30
642
688
625
706
256
229
295
642
275
894
63
931
74
906
131
703
178
157
641
603
545
701
218
303
518
117
776
469
759
596
477
888
930
145
440
203
293
605
875
250
888
957
8
985
8
355
138
168
463
320
527
535
415
520
347
556
534
330
192
230
34
194
233
460
965
252
990
879
212
799
482
89
514
364
128
921
490
562
724
253
705
736
14
610
722
622
968
690
427
784
777
322
908
679
315
791
40
902
654
541
628
782
671
916
228
958
723
575
181
987
534
770
997
600
120
735
518
714
663
941
682
995
656
806
449
505
638
692
149
914
709
279
415
581
816
733
842
568
86
486
244
834
731
683
509
621
555
115
137
610
874
706
215
264
383
358
748
50
687
118
98
884
717
2
81
402
975
929
840
549
516
635
684
715
561
996
447
570
803
898
964
160
542
227
823
914
148
757
570
871
322
555
161
833
476
761
999
431
873
93
610
817
809
610
169
690
578
602
101
603
842
183
997
498
695
246
132
638
819
736
934
389
539
439
528
660
22
905
268
18
730
292
275
433
97
879
830
546
491
632
21
301
622
527
880
738
161
414
644
7
974
531
700
222
437
996
169
217
317
622
909
125
253
386
585
968
809
677
439
513
560
770
929
883
458
45
128
213
55
783
753
921
195
33
794
855
86
791
858
541
823
476
814
861
376
435
47
19
332
632
25
689
421
532
871
498
947
663
194
591
983
301
921
521
205
464
665
636
72
77
78
587
503
518
26
694
21
803
65
853
278
542
400
784
62
338
234
333
284
719
657
636
603
268
526
906
936
473
400
712
639
569
544
536
729
744
709
164
393
119
787
315
28
65
295
104
758
608
461
856
561
17
666
560
672
321
814
449
377
587
169
473
177
791
750
599
554
592
516
675
463
689
193
751
169
797
946
910
442
707
702
8
230
474
857
311
857
671
875
969
227
368
920
330
104
659
171
749
581
608
51
39
221
311
840
200
641
856
230
318
806
206
680
96
911
726
56
340
803
762
427
910
986
108
714
542
170
945
610
541
630
572
437
323
765
996
954
647
704
780
175
268
541
292
207
237
353
521
174
477
195
998
865
325
963
820
346
795
273
614
393
563
873
850
279
213
684
740
188
850
315
653
744
748
725
203
270
90
215
422
685
925
603
367
872
801
601
932
381
403
329
684
451
980
3
76
76
39
294
988
962
285
693
545
54
266
632
855
875
899
414
650
841
255
983
361
366
959
80
344
191
387
88
857
260
459
223
134
977
903
87
118
520
539
874
570
380
42
643
330
529
365
936
696
71
288
477
33
62
242
940
75
35
64
632
960
560
28
330
174
505
703
338
167
283
896
807
460
783
503
41
441
708
747
163
149
971
557
631
881
11
463
626
90
333
908
470
677
739
372
798
854
345
964
812
812
445
825
502
812
410
983
440
681
208
466
771
757
24
768
986
991
595
105
757
361
626
644
622
636
296
871
537
578
916
922
329
752
395
81
69
302
642
772
98
893
825
509
82
516
859
742
546
814
185
380
561
291
838
788
812
721
509
800
718
184
471
589
189
191
914
884
280
710
859
548
36
857
683
577
598
421
751
755
499
978
673
341
443
253
764
471
659
