#seed = 101
541
891
694
855
31
166
980
134
983
607
115
513
100
107
819
98
889
217
129
989
887
225
704
925
141
879
644
916
847
807
434
505
832
140
7
140
53
988
292
629
711
787
963
827
60
152
432
768
851
196
39
993
827
118
190
276
775
844
806
738
559
221
604
580
526
665
910
673
420
881
4
101
512
59
269
270
387
102
155
808
715
916
172
233
314
789
134
566
843
608
22
75
897
661
316
994
204
206
535
379
49
859
297
34
684
468
398
63
301
809
942
134
164
214
69
22
74
450
748
303
77
927
653
548
584
732
8
529
373
269
309
934
152
276
389
1
681
385
906
729
661
85
839
926
786
476
413
623
349
985
468
571
466
819
554
753
295
573
459
859
286
60
77
669
381
825
254
228
331
438
140
313
193
989
481
324
258
724
410
253
657
285
946
926
318
914
919
605
780
574
689
22
714
814
602
732
803
318
351
872
541
656
225
194
3
903
552
636
175
897
933
391
40
347
626
669
235
679
313
197
57
241
718
340
525
791
353
753
552
606
860
857
67
425
757
33
280
357
184
570
990
768
509
775
375
767
913
834
255
439
796
580
3
819
14
491
852
732
950
109
655
647
641
715
466
431
643
961
988
4
494
218
354
636
284
529
250
829
682
210
190
404
219
118
86
176
861
438
762
672
949
710
115
235
578
291
701
886
192
143
444
471
948
657
271
889
311
514
709
344
313
961
298
196
331
769
358
139
360
96
891
871
657
616
250
295
708
739
49
88
456
343
538
580
744
873
842
123
529
973
684
254
82
92
186
83
343
334
895
585
402
871
156
637
455
982
734
950
81
856
600
563
414
804
139
277
197
735
166
815
519
879
475
161
129
405
951
59
12
540
789
199
279
382
721
727
314
333
500
686
7
942
953
778
119
546
842
47
607
751
712
31
85
108
861
685
306
417
159
594
478
76
292
870
803
840
693
400
895
728
400
233
785
290
70
426
975
510
901
742
674
869
563
290
775
663
728
400
434
949
6
563
321
693
808
661
226
491
724
476
842
740
126
772
467
374
811
822
33
524
151
13
738
606
355
969
232
957
670
172
84
835
711
554
672
569
388
31
672
642
282
160
230
677
970
635
58
448
44
810
74
231
763
986
739
84
981
762
908
801
301
263
940
857
998
956
192
604
726
999
554
1
292
623
696
21
824
729
384
706
14
306
350
972
407
583
74
588
572
680
241
623
999
771
166
137
80
820
564
403
352
42
203
364
446
541
420
67
852
875
931
338
349
123
408
86
877
41
690
731
533
95
129
453
361
724
758
225
984
454
985
1
688
972
358
607
659
150
438
465
697
454
117
610
788
247
989
762
322
555
375
131
811
452
9
364
983
224
16
67
666
495
43
699
536
88
593
326
831
311
809
915
773
963
540
192
215
405
1
11
810
747
877
714
850
489
100
994
349
393
721
949
115
410
477
581
837
372
704
781
583
163
873
830
786
489
643
750
394
310
511
6
785
499
328
218
23
901
599
683
55
868
763
41
831
315
924
954
867
706
149
544
886
718
900
782
590
3
311
786
602
968
820
854
347
800
444
977
277
905
822
219
897
93
908
197
944
94
708
14
934
623
941
43
304
749
580
630
675
644
298
799
147
902
307
16
52
774
326
145
137
499
164
100
367
968
415
484
476
776
912
374
42
542
45
458
442
627
213
971
582
193
810
336
304
188
898
215
256
712
737
312
158
566
662
93
236
544
848
961
175
451
93
982
882
941
112
33
167
92
389
376
307
390
41
787
733
15
59
8
443
892
688
913
736
830
608
312
958
18
635
74
140
806
215
201
796
86
194
812
508
564
702
361
438
222
221
235
198
801
66
774
560
388
802
263
964
911
469
953
111
826
277
2
439
298
450
468
875
926
87
959
692
624
28
980
659
119
969
708
345
440
396
366
301
493
912
456
5
406
922
781
413
444
136
853
693
957
33
218
922
137
835
854
787
499
725
138
966
275
617
826
959
984
197
308
836
259
919
815
760
462
835
328
194
827
402
759
225
250
632
504
150
82
90
901
318
257
435
769
379
255
274
744
886
788
777
227
163
401
123
623
992
636
195
429
203
669
870
52
256
197
885
953
956
415
225
745
593
415
882
501
365
654
662
20
593
120
171
727
12
388
745
118
450
410
975
248
524
532
840
695
829
99
681
994
262
994
483
676
6
303
863
882
986
334
411
881
629
632
79
29
540
424
452
527
913
462
658
398
761
509
4
318
76
95
35
958
537
912
403
691
891
95
574
162
60
81
651
547
85
56
939
681
191
377
552
654
417
307
818
659
158
403
519
924
810
213
637
394
305
669
287
667
860
883
435
340
41
996
588
422
893
301
953
462
25
715
305
343
703
622
113
570
759
900
995
669
914
673
644
834
458
564
115
718
340
285
9
290
91
971
449
982
946
994
262
121
814
697
195
837
950
426
115
200
728
738
270
317
9
496
212
897
768
131
561
921
847
835
13
568
167
594
575
127
528
444
477
893
490
912
971
486
442
699
373
856
596
874
275
1000
154
69
312
795
198
540
934
977
802
409
827
715
473
260
648
637
33
269
651
23
416
716
995
357
56
269
3
495
617
576
910
123
289
204
781
341
178
403
743
696
896
433
278
407
341
302
194
444
707
451
204
546
366
385
17
294
28
557
57
128
209
167
555
104
659
266
111
59
558
734
831
804
725
385
747
871
767
676
975
305
738
177
691
131
670
507
712
549
360
166
530
704
993
933
526
84
323
434
177
928
832
816
850
783
550
820
485
95
147
258
309
878
353
740
885
293
22
677
716
670
586
220
795
746
734
556
691
3
654
984
952
288
258
476
708
391
615
582
257
764
317
515
39
376
164
711
990
853
504
860
657
910
94
251
207
283
162
481
863
993
511
760
855
544
969
567
649
639
131
364
251
114
128
85
609
803
48
814
226
471
865
36
619
591
751
128
307
662
194
400
109
906
162
71
739
212
154
252
846
426
286
921
791
684
586
906
856
467
496
77
84
125
781
401
551
702
873
886
547
768
66
956
137
339
588
256
568
63
215
449
381
70
564
809
600
287
333
319
302
845
281
905
8
734
952
390
808
631
417
601
91
421
230
450
543
958
712
735
970
78
605
536
564
238
330
776
291
110
518
999
769
251
110
501
916
540
838
832
697
590
458
166
902
768
873
422
299
216
427
601
948
788
39
998
758
541
484
155
867
502
138
408
132
922
539
917
562
107
99
995
696
887
841
160
961
437
665
572
289
366
248
57
3
670
923
95
191
961
380
725
453
186
163
60
99
959
709
917
158
384
691
283
72
423
57
459
119
753
953
392
382
914
763
923
114
631
676
335
451
797
417
282
573
695
854
200
194
860
671
650
302
367
833
532
998
384
110
515
917
472
412
725
421
682
305
283
542
364
509
641
255
805
44
271
878
456
151
944
645
95
261
303
627
187
43
673
732
983
909
149
799
285
576
968
234
648
470
142
27
977
52
139
85
636
467
711
853
986
545
583
185
850
916
104
188
449
275
983
168
225
529
772
160
141
567
861
913
50
508
983
325
432
179
799
219
688
458
358
134
273
794
547
456
411
256
546
315
636
375
882
557
64
415
236
349
35
478
496
926
970
217
226
271
88
584
73
28
252
683
400
452
192
701
38
688
588
684
936
389
121
505
262
430
714
210
890
186
508
785
972
629
70
161
755
885
627
773
151
556
500
397
34
84
243
741
813
156
795
572
246
446
651
774
886
298
281
654
17
138
427
276
231
131
328
167
767
229
149
879
771
23
996
153
631
386
431
168
155
488
562
108
640
505
567
434
151
402
90
928
653
978
69
147
923
34
814
623
561
665
547
306
979
305
744
837
379
74
464
544
766
536
367
913
59
571
424
793
269
499
266
467
858
486
837
18
701
1000
3
806
654
46
441
58
248
455
188
309
979
999
929
115
368
848
717
303
778
760
827
887
220
346
772
300
773
817
576
821
376
592
810
431
312
247
810
515
665
675
972
708
346
373
958
603
582
117
895
41
81
451
19
216
424
905
475
22
593
456
169
311
962
14
489
462
581
329
667
633
657
747
596
142
372
914
980
141
292
650
563
795
685
457
205
647
828
566
965
702
218
407
845
342
637
6
347
88
672
400
887
15
779
666
369
272
509
712
623
93
501
155
772
490
257
733
940
330
773
724
444
310
525
801
63
404
838
333
499
81
550
583
787
355
820
212
829
981
594
563
930
247
927
676
318
953
169
292
941
772
215
191
382
29
549
155
996
455
569
557
223
716
122
379
746
727
248
605
597
593
846
80
786
791
428
785
845
924
697
306
796
576
22
100
422
836
406
985
704
193
241
524
42
93
736
440
280
569
922
922
397
233
461
851
778
880
177
390
892
840
102
227
92
755
93
389
976
386
124
126
902
271
147
293
528
424
932
553
571
323
560
301
913
264
844
88
87
232
962
799
625
384
859
394
801
994
146
848
503
696
156
63
962
717
292
444
133
426
683
155
269
530
108
28
470
691
853
26
460
489
930
697
799
225
236
140
377
23
207
328
585
724
801
904
434
231
909
357
621
679
760
826
578
714
875
290
486
933
158
54
862
897
174
967
946
110
390
196
565
935
1
865
33
681
367
124
215
753
461
677
996
849
535
481
671
583
105
811
462
99
363
408
801
874
346
189
22
203
323
63
179
270
987
567
443
356
482
904
551
791
791
62
326
255
444
85
151
269
937
867
739
152
662
723
144
657
114
335
639
965
425
105
119
504
363
278
27
944
903
287
366
429
926
54
63
210
756
930
671
416
888
526
727
872
205
732
503
731
114
433
745
440
108
13
276
72
699
490
997
66
825
471
23
502
583
872
851
72
130
507
243
587
770
569
88
192
108
590
867
786
869
24
368
438
318
112
879
684
544
32
285
868
525
378
895
640
774
568
294
253
946
469
406
4
187
630
504
251
989
463
984
123
320
694
104
261
565
510
11
814
678
171
591
853
373
716
873
581
654
762
100
275
481
123
332
542
415
675
165
661
406
792
753
169
79
409
486
185
461
963
37
548
312
623
991
967
719
802
706
898
532
250
945
921
626
314
138
932
673
747
193
195
154
312
186
146
126
452
332
725
128
418
792
712
483
88
761
110
142
736
797
516
229
676
361
1000
681
950
596
115
799
754
434
793
173
257
40
849
585
331
687
317
428
327
273
376
739
394
761
870
39
938
887
517
666
781
825
870
930
747
533
384
587
717
482
361
916
912
591
986
107
538
683
534
692
48
852
270
20
705
91
596
117
331
28
698
42
64
851
223
882
788
746
733
889
102
127
938
426
64
82
112
817
213
44
955
684
191
100
871
834
154
955
996
220
592
199
575
168
433
828
430
516
486
950
471
807
795
36
765
475
327
558
344
215
833
167
281
721
176
509
887
920
71
741
496
768
692
868
968
687
156
632
351
268
820
782
866
799
518
796
680
707
830
14
151
456
336
190
99
254
89
452
218
972
702
661
823
286
564
600
96
172
501
20
342
487
572
949
402
246
821
909
286
247
492
751
31
482
632
238
245
727
620
164
676
432
218
720
162
376
300
791
13
387
680
226
896
31
535
488
834
168
403
74
212
258
835
524
277
463
540
764
412
544
725
675
768
352
511
424
735
845
527
564
730
487
130
752
609
123
324
2
744
153
596
303
269
432
848
66
213
564
816
2
403
902
722
626
948
682
585
234
938
670
378
795
442
982
262
1000
300
612
557
768
999
980
117
343
454
558
934
940
515
909
617
830
750
844
741
415
571
256
133
755
661
73
169
185
98
682
216
808
997
280
343
877
954
623
576
800
34
127
362
175
827
973
337
138
402
70
866
334
264
335
654
253
895
729
80
978
359
120
364
418
425
258
685
430
327
828
955
973
773
783
160
230
289
426
190
852
587
377
94
194
584
323
759
389
849
426
898
209
11
788
758
404
411
942
292
526
632
431
369
114
412
530
283
982
360
38
266
574
452
496
325
624
392
440
430
216
73
689
59
67
611
65
218
792
799
272
904
122
466
254
686
627
875
469
160
563
430
214
283
526
65
919
363
827
386
986
694
272
35
208
105
371
987
508
181
860
874
149
132
646
705
371
606
980
380
11
43
992
789
13
460
942
62
363
707
552
771
852
963
123
337
526
78
518
783
121
425
762
992
160
654
757
81
139
533
857
637
440
31
481
155
17
378
636
136
678
2
466
207
219
146
987
226
404
694
951
939
452
268
720
779
373
671
980
326
610
616
78
826
545
721
884
722
868
79
667
171
350
980
502
706
259
709
886
199
992
159
227
27
857
929
281
81
105
198
30
804
924
57
647
589
1
765
346
487
11
448
62
146
87
708
199
759
559
226
214
918
365
283
533
522
811
364
600
342
271
325
111
175
797
822
920
949
68
942
465
622
218
74
651
1
995
631
482
60
133
164
721
443
463
718
690
230
759
33
451
453
771
184
796
450
816
906
829
515
390
369
221
763
197
496
109
845
208
912
563
212
919
863
746
593
930
494
142
697
825
669
837
322
938
845
1
475
946
889
482
149
924
754
721
186
639
886
952
713
145
980
148
866
226
55
84
532
51
845
652
617
581
442
394
794
126
190
529
684
135
463
396
455
97
788
250
231
461
520
391
209
706
671
316
724
481
920
357
401
533
575
472
848
287
22
102
416
77
847
489
587
426
593
861
420
153
996
531
574
427
162
64
386
680
165
741
844
754
447
296
3
37
194
87
147
170
972
20
9
363
990
980
818
49
593
610
488
785
550
73
674
557
465
286
463
318
929
188
359
47
399
296
894
845
336
501
926
419
672
338
688
842
477
711
678
966
197
247
944
707
413
951
313
382
520
997
901
608
216
820
185
605
515
483
287
747
557
973
533
750
302
259
505
784
40
589
651
94
296
569
559
893
750
562
597
579
722
641
775
403
637
713
94
696
969
740
538
2
878
243
692
263
939
739
841
120
701
427
365
812
798
946
313
619
845
109
468
96
789
622
745
610
869
728
306
756
828
551
505
815
231
149
575
57
457
710
819
367
870
85
688
790
331
247
27
927
637
525
616
769
196
752
216
297
84
157
793
660
1
160
258
133
12
836
329
785
806
912
828
496
799
318
688
566
467
229
361
39
107
310
310
914
12
219
960
140
285
563
399
357
482
539
241
584
1000
207
944
963
901
805
135
63
141
122
617
577
811
350
133
935
122
915
818
222
743
603
171
632
302
343
560
571
325
436
433
812
512
175
215
683
2
89
944
176
540
134
982
515
534
880
198
881
63
48
960
986
451
412
935
320
216
52
7
626
316
359
270
894
87
587
345
677
433
769
732
535
112
302
237
608
479
13
909
83
22
706
684
162
650
314
528
456
162
879
778
341
381
160
317
193
651
820
355
668
822
303
318
665
492
709
792
643
844
171
520
384
443
645
938
170
58
482
425
508
902
699
867
346
931
795
457
609
613
233
178
541
53
416
275
49
813
631
117
209
888
532
226
740
265
524
213
830
902
150
910
841
312
221
583
347
810
332
855
266
340
756
392
148
91
584
70
220
318
802
750
790
872
582
768
580
509
788
627
497
778
475
868
610
822
249
434
693
967
951
658
521
722
217
170
821
91
291
195
213
205
719
752
558
966
300
237
747
898
456
78
872
891
901
342
476
42
74
545
835
124
320
230
297
540
821
452
283
105
558
383
400
268
468
423
485
856
953
718
389
221
285
300
951
75
697
225
529
8
596
70
915
295
483
200
518
861
867
570
564
889
531
101
505
719
469
695
206
144
651
134
614
714
854
279
114
800
73
360
39
798
332
197
823
123
549
555
557
114
352
327
602
7
463
490
940
403
437
964
982
972
85
761
499
85
488
164
412
709
346
127
1
326
22
388
220
884
872
147
553
87
976
249
617
815
935
985
790
236
41
834
985
215
330
820
863
193
862
359
122
494
625
443
676
524
253
198
438
94
521
949
102
472
678
507
767
374
981
567
890
453
356
540
515
414
952
562
398
19
869
749
608
903
128
591
522
366
741
455
336
757
476
365
632
168
991
664
614
367
598
454
317
564
723
752
359
931
754
552
861
654
800
943
98
428
445
711
249
950
571
146
640
350
334
294
868
948
694
581
428
358
671
485
545
274
938
752
562
380
188
329
23
87
564
180
236
482
66
936
653
384
555
829
632
387
633
252
669
711
103
951
810
55
514
469
220
774
68
186
152
739
58
729
928
914
220
183
321
659
917
774
936
562
848
450
685
898
338
243
328
566
775
48
807
798
85
644
577
522
789
888
925
630
528
533
316
954
125
212
382
621
640
380
176
837
223
822
90
774
238
689
647
797
970
949
358
983
27
750
477
267
290
95
77
800
186
360
1000
964
115
358
807
579
161
950
192
960
411
29
373
915
663
455
1000
951
587
482
26
135
567
198
683
348
918
571
115
245
708
7
703
28
1
747
880
753
778
480
525
493
697
75
312
13
667
891
590
873
919
771
856
616
903
632
991
338
175
112
988
602
762
29
261
213
683
853
340
211
537
703
745
953
284
764
392
185
460
368
749
207
170
980
980
400
893
353
829
81
206
434
364
817
88
950
823
92
646
857
144
197
57
151
466
976
561
284
665
17
128
827
906
28
846
56
746
178
79
356
482
252
353
677
831
856
2
887
280
637
182
988
600
604
301
579
628
845
139
207
631
395
546
367
768
413
810
453
317
10
64
126
897
560
732
997
432
625
428
740
180
627
238
136
408
947
331
631
297
573
791
601
997
330
869
8
587
246
600
366
850
484
388
393
230
745
34
14
125
178
58
95
519
435
515
762
316
61
934
160
583
411
809
613
48
458
879
35
936
626
420
190
901
469
894
60
341
346
960
811
736
950
632
758
942
265
664
478
383
8
2
729
113
845
372
297
132
543
298
619
266
854
699
258
890
39
588
561
603
272
457
442
86
570
162
933
244
120
146
863
270
416
26
886
36
492
820
831
573
925
972
29
685
494
121
327
316
96
745
268
955
7
354
221
794
888
405
791
581
989
948
19
21
71
876
860
826
903
638
877
350
937
312
244
349
717
601
807
385
875
217
577
922
986
446
529
530
862
91
880
558
644
331
589
928
970
731
134
321
608
918
509
93
133
546
29
591
136
255
287
803
556
936
621
762
430
682
922
776
726
761
29
793
360
826
688
946
430
611
225
853
308
607
916
300
551
997
114
902
98
832
259
159
823
794
244
105
103
689
876
985
430
187
737
188
902
390
378
673
6
176
560
424
78
533
102
471
202
167
674
358
641
744
727
584
57
651
264
602
768
104
251
416
881
214
824
203
537
698
965
95
718
582
263
64
707
789
111
764
874
435
959
547
735
786
671
420
940
903
584
770
110
114
739
603
115
244
639
944
151
171
798
496
898
385
59
88
351
131
611
717
947
973
637
234
360
867
446
981
998
530
573
499
925
412
976
148
561
867
689
569
442
677
17
674
710
373
712
244
614
866
886
992
330
873
536
582
113
142
394
272
546
408
493
699
664
346
398
504
757
757
651
82
982
907
370
471
743
926
824
137
59
95
411
583
353
891
141
820
934
848
917
561
460
693
956
126
140
479
1000
787
525
959
168
613
896
249
581
573
879
416
881
218
978
213
560
694
86
55
847
998
131
612
237
435
528
525
708
766
508
15
900
865
292
334
549
880
156
980
374
614
708
543
535
243
817
417
463
499
364
833
859
306
467
815
260
428
914
508
284
585
486
727
388
485
814
196
901
694
854
376
513
494
673
544
189
537
978
342
190
144
127
221
956
123
899
652
423
878
150
454
981
170
308
875
606
380
111
15
404
483
865
776
738
475
482
389
943
182
401
889
79
298
883
743
551
574
318
264
651
550
889
848
757
870
978
166
188
2
387
466
135
516
826
865
660
951
947
563
666
24
172
422
207
349
477
963
263
174
761
86
282
359
590
980
520
999
741
989
699
939
630
968
25
4
980
974
429
887
392
182
185
131
133
376
842
437
983
613
136
87
456
675
177
223
617
919
329
947
657
219
279
723
381
695
263
983
580
235
479
463
718
987
257
937
113
131
788
85
151
642
263
661
391
883
27
296
214
277
284
182
754
485
20
501
587
522
828
241
790
702
816
27
31
564
597
336
171
884
961
778
136
60
567
925
777
969
310
871
353
459
278
154
171
286
78
158
276
636
748
671
102
440
730
726
121
670
857
147
328
303
317
80
262
176
237
473
979
361
277
368
294
635
362
221
881
755
345
298
668
91
748
908
535
824
586
981
959
374
442
647
20
959
956
347
245
514
964
856
984
648
699
631
370
682
868
810
567
511
208
789
863
658
543
564
349
87
972
44
989
830
83
719
810
64
521
631
33
583
184
459
397
386
654
263
408
789
441
437
970
383
985
594
689
445
882
524
910
620
932
343
800
940
257
7
55
223
538
639
350
921
422
136
326
266
56
437
340
542
44
731
222
406
30
38
55
704
952
703
452
689
86
970
578
98
894
859
414
192
225
16
433
589
97
682
974
453
479
165
674
875
546
63
334
985
61
653
51
342
277
113
76
786
237
600
657
126
105
456
557
302
828
846
541
104
270
109
354
150
829
323
150
782
910
373
400
148
432
995
267
93
702
390
697
764
295
206
727
66
428
784
878
838
253
477
126
700
256
126
478
762
607
266
92
477
444
10
701
850
460
972
34
328
806
627
984
995
199
552
906
444
747
802
301
539
57
696
776
695
291
239
837
748
969
144
873
739
361
409
244
727
941
507
700
827
42
19
789
210
104
130
765
222
146
439
447
2
244
861
815
931
140
183
660
369
831
79
143
459
857
846
783
248
288
533
838
898
725
818
619
421
280
231
973
686
719
501
880
94
610
150
975
270
974
423
695
476
965
884
996
35
630
213
330
17
990
78
362
153
99
101
15
225
201
812
732
559
259
887
20
436
607
479
725
754
142
829
825
842
598
530
947
598
391
35
459
13
110
162
350
876
665
135
149
130
8
85
943
748
324
393
654
135
791
6
372
397
503
956
679
534
248
967
272
559
445
155
428
800
795
492
61
400
282
268
736
915
273
366
867
739
229
504
891
644
45
173
471
9
653
880
197
533
350
45
447
124
574
793
114
616
121
490
11
887
427
472
933
73
664
483
987
847
891
518
358
111
559
593
716
412
421
669
894
986
995
89
125
224
397
905
816
366
555
534
900
958
575
536
24
983
329
551
659
884
425
842
421
907
280
46
15
265
955
104
903
762
596
462
804
535
263
744
699
624
911
300
996
369
147
839
556
2
584
15
31
165
587
677
529
764
363
144
514
235
265
260
596
345
358
594
266
636
983
665
631
10
103
730
207
348
169
313
270
509
744
887
507
208
