#seed = 303
118
545
993
813
466
170
850
905
575
879
5
609
477
333
221
160
885
721
911
669
394
218
459
24
731
746
22
311
297
730
728
23
592
429
525
174
419
333
537
509
216
466
189
980
213
561
809
509
70
25
597
986
749
368
728
386
572
356
148
910
817
286
380
114
911
145
810
703
709
681
409
398
733
422
884
447
579
967
730
815
215
99
103
472
658
26
608
618
185
595
346
975
737
591
967
5
535
442
726
52
946
882
254
991
712
247
135
527
394
611
348
739
244
867
297
372
125
227
854
901
367
48
293
936
356
831
574
386
821
563
979
297
88
724
610
988
150
458
184
776
349
920
684
700
961
278
7
202
250
991
646
142
210
538
185
986
717
627
748
56
973
553
495
641
730
883
339
698
682
283
740
702
306
684
94
510
913
472
653
30
573
722
525
249
413
299
946
364
234
896
413
272
155
688
276
801
132
634
541
875
721
253
111
461
708
666
580
270
17
596
567
699
355
152
998
234
581
679
164
201
359
376
638
832
682
186
759
749
34
80
259
270
135
109
404
368
16
782
933
590
725
207
64
806
966
597
198
934
862
635
835
404
110
152
586
658
727
350
589
728
496
422
185
548
776
822
729
676
848
548
546
732
656
964
150
435
108
829
208
672
811
402
410
586
764
485
734
997
286
438
176
408
882
409
780
635
71
765
33
573
146
216
665
476
535
320
732
238
840
132
848
836
361
305
599
495
878
225
877
362
178
102
149
879
573
237
759
853
240
109
775
503
448
518
309
256
69
206
709
403
902
806
611
695
659
276
597
15
583
418
148
263
848
491
231
738
708
150
406
353
689
723
593
246
24
578
83
222
119
195
630
893
275
672
276
236
959
342
759
557
459
202
710
215
843
737
492
957
770
504
774
632
132
482
201
781
989
728
502
17
825
178
684
577
249
260
512
839
727
924
130
374
846
831
239
230
264
411
895
187
501
991
75
1000
918
247
829
505
219
308
371
838
431
112
921
755
982
359
914
564
863
241
707
910
676
172
772
657
427
534
163
617
945
919
423
724
66
141
407
230
439
794
157
752
292
280
746
983
205
653
622
792
84
217
76
185
466
916
56
83
440
85
246
36
584
653
945
576
685
553
180
592
915
246
176
699
245
679
395
168
473
547
489
662
114
146
34
402
570
205
440
1000
458
421
146
373
151
699
298
721
163
735
664
482
685
508
889
459
29
401
288
35
113
603
710
162
341
621
873
943
842
434
151
68
150
193
597
347
283
422
384
826
679
882
839
649
328
673
131
301
73
65
764
213
622
706
714
945
928
465
701
394
917
126
521
252
487
582
857
112
551
107
358
743
438
646
581
321
808
575
515
835
277
843
821
263
853
597
920
102
152
799
377
152
535
991
603
259
690
975
651
946
527
12
289
357
444
592
789
830
497
331
932
260
453
660
934
768
707
14
884
597
136
526
947
116
492
912
912
93
315
849
935
67
39
471
124
830
476
84
589
188
687
258
58
561
524
208
994
50
706
626
595
194
109
544
462
900
457
253
548
911
325
319
745
951
51
510
780
896
611
61
280
846
991
942
906
296
30
138
406
362
744
678
281
802
59
17
877
538
824
338
109
988
717
134
821
620
384
54
764
487
996
544
881
705
987
236
895
796
577
551
279
68
184
140
72
608
373
502
174
715
551
930
436
104
943
169
183
580
464
468
456
293
877
192
797
361
57
161
214
241
567
178
847
820
6
106
590
816
769
762
251
435
449
907
983
575
551
293
666
748
513
27
629
840
464
74
537
954
52
375
642
700
197
512
459
846
311
794
679
510
792
282
513
910
978
336
729
462
848
974
356
504
222
678
566
427
353
897
311
607
560
860
775
959
606
164
495
173
341
466
950
431
433
690
596
191
262
861
583
960
542
791
791
596
291
267
944
123
661
506
580
61
361
162
10
401
991
227
31
374
686
933
351
750
6
61
120
723
561
86
284
785
183
916
257
67
332
676
734
146
424
432
124
600
364
911
814
827
356
328
959
485
997
510
79
760
867
191
65
342
711
151
732
686
277
978
716
147
630
215
628
598
590
8
819
172
195
893
928
987
688
872
979
853
886
515
161
39
38
453
523
732
93
828
580
538
436
653
661
286
99
863
303
763
866
997
236
101
276
994
499
884
424
622
862
52
229
719
145
225
241
155
130
144
30
457
191
385
570
992
496
977
329
39
218
923
161
732
541
102
378
344
275
354
744
991
942
532
406
421
52
809
985
652
57
167
14
179
570
599
913
16
521
127
947
661
242
348
934
304
25
76
777
501
365
25
579
95
405
642
949
707
486
580
449
853
262
53
545
340
896
41
813
856
228
45
181
124
346
193
975
838
827
371
5
76
477
726
86
681
521
866
183
204
250
925
670
473
475
206
187
569
141
986
596
461
733
40
747
872
15
759
957
594
241
303
674
576
837
740
661
473
484
759
103
732
236
720
108
445
102
766
89
190
590
110
935
146
152
978
521
357
299
776
79
23
365
907
13
279
651
920
715
980
323
831
713
159
464
657
214
316
505
112
405
303
735
778
149
708
296
463
356
415
661
810
599
785
996
357
360
196
67
476
461
126
482
876
897
681
931
468
753
451
665
465
429
801
482
552
216
30
851
677
510
90
974
352
626
773
642
791
489
19
144
38
102
938
277
315
99
70
129
630
513
685
226
997
100
342
333
255
957
717
499
70
933
337
28
127
571
967
995
278
643
919
630
442
572
172
864
871
595
402
612
627
193
671
336
96
558
139
868
184
128
52
958
79
916
954
259
754
567
314
883
77
66
30
146
674
728
177
727
310
998
345
835
269
334
29
807
494
503
477
258
705
596
392
718
508
543
848
198
141
130
315
806
146
178
259
951
612
977
861
141
274
982
167
895
170
291
186
251
786
947
446
795
532
270
941
992
352
162
943
809
180
672
277
768
831
648
954
697
315
657
83
456
368
489
880
334
213
326
82
56
633
591
884
628
440
105
494
720
817
650
556
481
764
964
869
749
865
830
551
61
299
781
208
291
988
330
880
308
234
905
506
57
535
69
241
920
14
979
679
538
713
345
161
553
272
98
694
600
660
330
662
543
129
137
191
553
969
141
131
803
998
472
886
924
399
235
587
980
76
878
109
290
701
893
155
261
564
752
517
751
619
167
851
905
632
32
605
839
709
279
957
482
787
24
585
235
927
364
780
698
613
958
732
908
209
697
318
106
500
592
325
388
331
65
202
193
140
463
310
777
562
818
450
370
888
741
543
404
137
396
778
609
669
864
391
651
8
761
902
340
909
991
355
468
776
756
279
627
649
513
524
220
717
388
118
665
30
595
957
625
530
639
999
363
937
192
291
845
656
129
959
637
306
232
234
243
190
293
710
370
892
995
678
434
697
160
630
555
83
13
175
335
166
914
401
364
524
530
611
324
939
893
238
780
728
24
87
150
169
782
36
642
608
449
6
624
228
785
444
91
2
240
872
922
840
271
91
640
314
457
731
254
598
986
541
162
777
803
294
47
76
133
123
240
802
551
504
969
544
270
61
325
431
143
149
182
126
580
56
756
503
233
313
725
292
819
673
133
363
692
914
690
229
517
384
159
604
472
593
179
658
952
934
661
806
143
201
383
562
316
326
556
728
872
574
542
715
891
775
640
257
312
471
557
86
193
671
276
236
648
765
377
310
372
809
305
460
532
505
425
713
939
408
578
16
768
193
789
557
544
537
816
568
835
458
731
35
408
28
370
701
501
183
686
96
543
35
442
988
898
800
847
614
645
458
325
795
14
579
470
15
86
940
280
739
240
679
960
666
291
364
373
452
265
211
912
763
563
593
654
859
252
715
103
847
999
207
302
502
861
539
453
981
415
445
157
590
820
481
719
333
487
977
498
675
481
598
913
444
182
141
872
635
727
245
563
294
883
605
627
116
514
419
614
714
856
942
978
461
939
125
798
385
433
8
236
200
368
588
671
295
403
741
861
386
438
579
385
584
799
231
408
537
185
471
101
75
470
517
947
228
224
982
239
402
172
798
112
375
139
152
508
776
334
939
488
228
398
721
331
105
662
649
680
481
181
652
742
901
588
852
389
776
592
633
47
316
956
517
673
378
438
871
485
858
196
589
389
179
3
866
286
108
4
127
663
793
387
910
868
329
237
969
907
748
126
33
10
842
845
899
403
935
604
804
822
539
159
621
849
269
568
170
966
799
381
533
385
348
183
984
101
294
368
847
434
461
552
579
228
330
35
402
691
217
530
12
675
149
645
961
296
541
146
974
7
580
237
823
627
782
276
750
619
127
918
265
877
518
671
706
873
30
242
368
676
613
932
250
296
732
505
876
492
15
277
418
213
976
49
481
177
924
47
893
675
327
620
813
64
515
826
979
189
195
759
663
435
813
973
891
712
590
15
449
459
664
836
161
292
135
203
311
54
233
620
897
74
987
591
478
344
744
539
193
76
76
157
21
691
879
194
443
161
110
699
566
385
819
61
496
624
4
457
829
694
57
150
885
946
191
185
575
424
57
423
953
914
159
647
52
401
326
199
700
262
767
609
14
617
948
609
618
180
612
254
767
622
896
970
614
552
958
928
910
813
179
978
150
82
702
347
770
32
727
591
317
594
358
605
733
647
88
679
531
54
443
846
713
505
611
116
183
912
982
719
566
202
433
831
693
314
462
13
434
844
797
375
720
906
342
164
790
768
657
521
225
784
789
221
864
459
917
471
85
333
681
634
987
212
792
451
530
628
722
959
847
681
292
11
729
891
829
705
23
535
157
347
661
424
86
720
78
497
418
368
563
493
276
6
577
965
42
833
992
918
448
654
279
525
224
710
709
367
725
744
811
89
544
715
510
680
225
569
176
54
111
267
238
283
362
629
52
380
997
198
27
114
154
71
645
865
926
261
64
259
363
861
54
689
372
643
686
629
259
814
946
535
182
3
169
914
505
477
959
634
269
998
737
893
605
877
853
587
97
796
677
163
51
604
692
459
143
199
169
507
672
50
153
303
102
189
537
272
555
609
488
709
44
300
219
723
469
292
467
742
757
862
993
59
265
633
313
940
188
612
804
126
396
553
143
675
368
813
817
983
301
756
202
49
840
246
23
96
446
880
827
535
999
552
95
487
432
377
825
551
576
998
906
74
746
327
105
894
778
174
574
684
67
757
881
697
124
525
481
104
523
373
192
721
177
397
259
770
174
222
104
977
965
745
208
75
104
136
388
996
54
149
44
59
345
301
305
505
932
696
420
439
481
895
344
233
17
99
731
506
653
406
594
885
609
104
74
893
160
161
354
826
11
237
37
368
858
481
15
166
637
457
821
904
44
331
502
442
931
835
208
113
809
548
867
439
8
312
531
395
911
821
305
883
818
660
528
695
883
414
421
611
594
357
903
297
168
52
110
1000
473
356
449
61
56
292
95
740
284
45
39
107
920
503
691
675
529
123
127
204
128
303
968
292
127
871
103
628
680
238
124
504
425
352
448
376
612
779
706
703
235
866
667
383
569
885
286
791
763
921
671
891
221
823
220
534
81
260
592
703
762
629
980
493
910
908
569
87
10
219
713
981
208
660
707
501
388
210
404
291
108
936
403
48
37
60
181
653
18
96
815
404
312
221
770
627
293
180
313
879
774
826
534
801
176
350
50
295
566
979
323
57
169
517
135
446
246
410
303
147
161
566
976
744
383
154
523
383
241
19
731
786
620
970
478
255
5
606
949
602
299
314
510
528
733
371
377
11
266
979
375
775
671
451
413
199
274
433
265
557
694
253
484
125
944
809
13
676
37
829
943
842
606
373
696
673
348
384
306
857
742
660
687
690
569
227
709
117
455
892
137
951
504
376
136
627
717
26
824
235
28
898
708
867
997
854
655
66
202
285
72
934
669
698
492
658
404
841
618
230
200
57
767
44
828
238
90
570
432
266
233
985
468
71
594
193
650
75
334
790
172
65
359
732
853
280
91
442
788
914
664
350
594
243
383
589
5
988
934
645
693
459
301
289
387
593
907
256
282
679
528
138
469
526
906
840
552
570
798
207
267
666
636
1
713
622
206
280
119
293
201
823
503
547
585
880
988
43
651
643
160
911
323
209
105
585
486
862
867
764
250
564
727
212
962
938
112
223
686
625
894
934
295
262
724
852
975
656
196
154
15
296
818
749
826
296
69
253
71
586
906
754
940
814
643
941
469
71
797
776
436
354
15
979
595
124
350
148
853
520
797
434
546
497
82
214
449
706
148
879
88
224
504
537
382
184
275
313
786
394
842
39
837
58
669
552
265
463
370
374
261
537
309
959
193
132
157
815
652
780
634
427
533
491
155
395
926
374
844
683
476
441
612
70
203
506
292
904
591
777
499
582
213
145
567
268
327
563
207
275
879
752
155
140
339
409
117
942
670
581
161
144
704
798
462
635
763
744
633
359
718
391
383
817
791
444
152
190
281
707
915
606
550
461
204
7
597
53
867
597
956
400
134
555
449
382
390
969
362
112
271
339
581
101
80
641
553
413
779
600
571
856
919
612
765
20
848
72
392
266
968
964
851
636
431
482
140
429
38
501
914
957
978
662
629
47
371
956
430
872
636
871
872
102
381
513
80
923
859
378
80
269
674
367
334
100
961
23
596
647
427
49
129
115
294
748
285
337
644
629
353
530
39
311
444
569
146
298
923
166
306
114
824
395
851
747
875
484
327
550
278
792
41
683
553
262
720
763
255
414
191
600
664
366
809
883
365
781
865
362
730
104
504
852
45
662
864
770
69
129
341
284
253
236
804
941
72
75
587
637
271
828
903
209
70
881
541
568
36
654
576
652
553
917
265
171
362
19
133
82
727
902
48
125
118
422
951
125
673
390
547
926
290
982
377
884
446
365
895
762
919
456
729
678
908
969
377
84
803
534
125
46
199
328
675
141
341
964
847
598
479
298
444
196
923
343
841
165
542
929
963
204
298
910
785
795
983
738
269
955
454
955
310
754
208
490
394
439
444
33
696
508
352
635
635
177
111
636
419
793
761
615
118
355
744
806
612
176
438
801
664
51
476
166
258
290
742
761
601
104
434
168
734
468
639
886
563
273
842
194
163
19
611
963
291
651
494
450
630
703
974
572
254
1
524
306
526
554
221
711
357
571
353
550
244
56
903
366
321
434
815
827
364
631
584
609
974
391
55
927
930
198
25
454
828
585
519
845
742
695
784
979
345
253
566
392
127
582
918
695
519
957
986
972
931
961
940
694
356
788
24
609
789
807
988
204
820
726
68
962
301
803
733
718
697
178
804
736
460
609
111
86
91
433
928
113
860
13
978
942
528
310
652
469
339
488
571
537
101
173
757
940
384
108
143
774
41
302
63
619
548
204
630
679
161
608
197
198
955
351
864
899
478
408
400
533
96
412
619
65
992
618
678
760
523
541
2
919
598
652
972
45
222
846
735
876
435
391
684
263
347
516
937
628
802
599
56
253
351
647
470
777
883
728
732
755
602
98
450
28
907
384
119
785
188
96
934
899
319
322
570
231
729
422
633
362
17
943
135
963
254
118
682
421
16
284
314
167
297
519
539
513
69
80
275
773
52
887
743
280
304
396
202
332
513
603
189
571
958
859
849
650
271
483
97
263
814
209
973
425
947
577
281
635
446
302
861
132
512
688
117
462
322
842
393
392
167
654
191
691
6
288
299
358
231
172
816
406
542
596
913
613
573
514
273
293
532
583
192
41
164
454
230
865
786
303
530
881
719
875
28
12
803
369
345
314
393
348
276
227
350
161
409
951
971
856
661
476
386
134
153
650
894
524
86
590
531
385
458
753
308
303
240
973
875
172
590
91
859
607
464
332
705
972
721
994
713
958
986
354
293
40
523
817
512
120
127
640
449
545
116
877
627
396
543
519
553
162
750
30
7
849
655
276
603
272
567
972
763
40
716
870
768
305
27
148
287
206
166
436
80
246
765
377
520
304
37
528
801
802
598
101
458
174
935
552
721
802
140
544
644
962
951
721
303
252
685
21
367
64
991
141
837
258
912
738
343
357
567
724
112
878
362
981
176
122
882
891
94
269
758
513
745
552
120
18
54
22
68
985
796
3
14
39
539
282
658
641
443
217
503
334
17
891
869
970
500
306
806
290
446
94
529
797
654
423
953
586
914
307
84
428
537
900
599
319
935
561
671
813
329
471
426
970
952
956
204
120
211
721
566
888
525
417
456
694
38
58
807
631
342
166
666
202
515
390
246
904
827
452
410
297
605
364
429
5
978
407
938
43
466
875
925
329
256
434
872
881
263
388
687
996
6
100
706
951
478
141
808
102
893
159
983
793
427
330
834
930
386
669
692
207
578
356
977
34
250
940
4
594
83
811
539
958
998
961
527
782
878
421
631
190
696
774
771
616
951
591
6
693
796
901
509
688
330
568
685
374
319
499
113
181
951
170
904
384
915
232
845
13
927
210
664
220
913
204
698
828
780
861
702
187
804
137
562
113
301
555
77
42
868
581
114
198
823
406
611
775
48
982
857
663
964
737
783
59
826
981
199
335
223
234
972
895
991
142
727
528
894
642
389
857
708
852
940
337
798
889
398
374
145
703
575
895
890
780
561
767
201
311
431
54
436
753
502
566
480
535
543
279
930
399
152
711
331
613
163
378
154
297
479
993
635
950
586
466
133
881
832
685
130
124
469
862
375
118
958
819
43
673
822
587
797
360
404
769
493
571
58
676
797
817
24
77
769
984
63
805
865
667
298
968
735
601
454
489
100
606
370
242
629
344
865
137
186
832
964
690
903
811
397
901
636
780
295
125
231
320
489
338
105
662
753
188
374
881
373
508
422
875
460
72
264
864
563
995
319
219
60
407
980
217
681
560
906
392
343
894
905
948
101
990
130
878
875
622
930
593
791
131
258
771
826
305
794
860
465
854
46
334
208
795
200
104
522
760
117
881
707
419
924
198
526
149
713
56
42
417
960
389
919
818
28
529
311
855
287
640
375
6
980
675
676
322
384
349
339
466
895
745
281
816
59
650
601
875
663
390
84
578
634
72
930
628
759
569
814
281
329
842
912
582
260
760
836
353
863
204
320
298
213
614
924
146
506
453
737
859
563
150
987
52
718
495
851
567
537
695
173
472
998
420
665
180
700
784
877
188
833
960
655
924
867
826
247
461
14
83
3
107
495
779
69
763
623
454
983
965
60
175
247
282
602
386
189
915
918
374
49
293
530
542
65
660
164
995
40
859
234
760
867
958
560
1
164
564
866
296
970
28
381
285
896
698
911
18
417
230
335
401
741
626
871
818
100
478
334
164
970
194
994
951
948
815
450
356
686
778
418
474
38
894
976
790
811
597
411
454
392
715
435
682
381
255
691
79
76
38
843
129
873
262
34
941
82
236
449
920
478
850
571
864
122
385
584
477
774
470
329
642
991
20
13
54
461
255
394
778
476
384
920
471
729
50
495
485
98
535
89
386
56
807
713
85
384
447
515
814
44
714
557
564
393
806
51
226
634
966
721
303
897
55
617
744
109
234
500
124
608
53
453
804
591
310
193
774
813
581
699
997
137
372
428
94
299
238
735
912
854
633
866
545
375
49
793
218
371
618
565
990
47
938
210
100
985
978
502
318
388
543
45
894
17
144
841
796
656
166
886
542
726
827
668
269
976
840
53
47
374
880
271
215
139
994
52
189
329
599
620
547
609
505
540
621
672
203
304
524
373
627
292
591
190
184
784
862
891
610
361
421
130
141
52
946
665
233
622
275
347
858
792
359
601
86
302
703
234
864
509
72
133
489
260
544
691
53
60
482
426
529
201
552
851
727
795
36
245
603
742
755
395
702
924
294
224
660
485
526
947
940
933
460
13
483
748
891
295
622
122
803
913
250
769
690
701
281
469
672
74
772
822
183
85
935
606
821
57
286
734
792
735
18
267
861
849
967
334
589
576
493
217
701
469
513
708
992
468
304
296
811
493
624
579
613
949
42
42
504
153
287
789
16
210
182
635
447
940
304
718
19
440
392
218
429
602
842
823
943
237
279
767
257
281
274
289
991
303
234
770
411
955
629
685
674
576
125
66
406
970
625
898
344
501
539
883
591
731
417
94
681
458
459
894
189
899
96
283
635
39
436
492
697
580
42
412
699
381
882
971
245
560
512
85
24
321
577
95
559
612
794
317
468
304
422
265
44
214
908
695
892
913
83
435
671
375
83
268
205
758
18
178
193
978
863
138
431
682
526
770
576
562
281
288
955
307
463
565
250
63
179
143
158
113
28
476
736
489
52
458
686
29
320
619
534
595
931
854
673
482
159
225
655
993
273
722
227
759
152
365
442
242
689
263
622
83
442
42
169
902
489
961
192
175
872
163
759
96
432
652
707
15
471
903
735
748
952
368
294
89
157
381
353
146
723
589
894
923
769
937
422
41
478
823
353
536
63
453
345
76
338
586
767
412
451
568
709
640
824
446
489
419
762
594
531
83
443
212
708
173
550
429
19
398
991
70
604
725
968
469
231
748
693
338
795
628
534
40
653
360
742
984
649
402
228
535
323
234
965
95
459
509
828
75
163
618
928
459
606
608
600
1000
702
91
109
489
954
493
892
212
258
313
711
593
505
459
799
440
342
43
615
987
335
952
432
454
291
161
901
90
705
726
898
521
658
758
822
235
832
994
690
255
842
990
757
270
741
416
477
218
360
89
228
460
700
336
541
530
150
974
305
606
811
204
347
876
63
312
300
964
105
927
243
701
254
916
765
99
665
670
764
335
756
856
824
69
598
2
719
35
361
277
306
101
382
612
93
901
784
334
594
287
233
543
964
123
541
430
963
36
561
986
328
117
919
685
438
179
514
43
403
478
504
691
346
825
1000
628
991
481
777
211
710
578
901
152
856
980
385
393
907
77
698
926
748
608
845
100
788
203
602
173
332
358
94
492
110
495
460
822
674
563
792
740
954
15
208
13
683
124
247
377
344
265
790
224
620
10
633
488
404
670
644
757
791
583
976
675
587
347
222
176
677
367
879
61
547
786
549
650
506
359
938
481
464
253
419
370
957
233
240
454
347
611
891
808
367
574
770
797
763
248
851
204
337
777
667
457
142
97
290
643
832
66
167
637
261
421
124
498
130
248
718
465
53
757
859
432
832
270
567
677
131
747
213
160
876
294
551
436
669
326
787
892
82
584
538
778
165
661
581
298
520
372
414
286
982
55
608
19
63
587
740
472
823
937
802
550
377
929
1000
731
621
815
554
825
427
253
278
308
610
776
570
416
354
767
773
536
290
718
798
515
839
609
53
257
146
659
333
732
341
423
146
930
602
869
660
854
183
918
480
678
338
195
912
175
900
647
