#seed = 505
823
187
938
801
178
118
869
111
711
747
844
186
400
329
364
500
90
703
126
622
780
545
631
530
714
942
794
66
490
806
708
343
170
673
427
830
212
43
572
957
704
723
416
387
740
171
818
53
354
730
815
476
558
452
899
476
459
59
44
224
577
695
605
641
813
961
673
574
180
109
970
436
677
29
413
510
483
603
308
17
587
719
192
646
24
934
72
898
993
347
634
115
636
335
813
784
425
13
57
523
102
24
236
299
530
269
257
561
575
45
47
844
881
243
819
288
598
996
555
690
401
4
985
806
239
268
720
849
237
545
885
651
756
537
277
252
571
727
239
519
311
630
190
171
240
593
942
62
43
649
664
709
888
600
875
975
207
962
681
631
556
139
691
616
916
907
242
131
763
494
811
899
700
497
974
818
180
143
884
340
3
649
674
273
200
59
766
665
631
675
685
703
58
709
534
560
114
234
631
405
144
824
810
987
60
274
19
764
281
271
537
79
915
168
614
554
782
379
205
911
484
957
983
765
434
108
26
141
329
819
103
685
804
654
734
546
50
805
440
702
378
558
665
737
470
763
792
475
998
474
260
831
945
947
260
908
970
492
419
925
621
841
63
760
693
15
557
92
627
135
778
507
821
616
184
567
568
349
587
577
419
590
95
292
387
794
712
344
956
705
5
83
867
312
122
746
685
302
49
533
210
571
789
400
68
185
834
669
118
698
52
263
555
256
570
978
765
748
663
750
742
375
989
611
662
940
750
998
289
374
288
945
596
341
292
96
540
148
716
639
507
590
294
890
641
983
690
981
795
263
444
850
138
193
262
864
754
138
685
552
397
644
325
547
900
274
884
872
329
830
161
634
500
614
23
13
152
846
313
673
481
62
756
895
885
556
355
552
108
181
115
973
373
276
924
817
950
437
113
323
287
971
820
264
340
493
649
181
398
992
421
162
949
678
754
273
291
924
706
102
551
49
342
673
597
506
930
318
839
786
166
758
554
391
499
614
872
360
184
701
701
162
697
492
160
794
99
198
464
596
278
726
296
290
959
991
457
705
105
94
682
774
912
917
238
277
498
849
331
145
473
490
258
176
609
907
648
222
251
743
592
618
908
620
986
453
109
916
164
158
679
485
60
627
323
914
999
515
347
123
505
382
920
304
177
213
865
211
832
926
965
914
943
984
358
860
730
837
794
283
188
709
639
375
384
335
434
644
729
339
3
146
455
602
425
586
710
287
958
64
181
975
630
243
24
443
802
674
363
279
251
81
619
698
213
697
354
430
634
677
783
162
599
152
600
258
479
572
853
152
26
742
890
300
970
637
817
431
194
226
529
197
684
753
991
713
805
309
863
714
62
161
479
3
538
11
128
705
991
787
490
893
387
409
292
33
125
301
940
119
188
848
457
213
992
512
322
517
227
600
706
425
411
870
563
36
392
149
420
723
732
611
905
114
156
741
557
243
858
199
287
433
699
824
550
898
164
393
137
555
868
462
968
998
357
645
361
807
365
20
88
28
236
295
950
506
945
710
876
708
733
645
660
583
731
694
268
689
67
505
657
39
970
227
156
142
224
540
707
913
685
34
974
617
424
772
468
155
950
129
699
226
12
558
768
334
785
54
824
173
610
203
84
37
147
331
138
867
743
871
742
886
29
517
589
933
159
597
969
439
167
296
998
529
145
660
911
209
815
804
630
2
77
740
351
776
298
699
871
659
103
145
142
417
815
704
382
444
51
407
423
858
409
816
169
619
8
643
741
358
907
372
97
716
224
320
845
726
115
93
294
769
867
615
23
319
537
54
167
226
785
325
500
810
167
702
889
614
495
512
422
543
776
738
837
415
102
274
244
593
698
838
780
186
1
108
117
356
662
685
676
252
228
884
978
98
612
460
506
869
952
767
974
201
818
435
30
712
979
110
271
269
996
675
156
489
114
965
676
572
162
152
311
149
289
783
894
821
518
63
846
149
167
603
313
512
989
457
729
754
229
681
377
824
467
406
467
82
821
533
407
83
729
539
695
609
156
627
572
520
185
604
395
433
314
528
10
295
285
337
34
826
790
295
296
492
925
149
771
793
196
841
732
308
800
81
45
213
801
35
384
639
119
181
461
173
675
996
919
628
463
480
851
147
995
283
694
423
669
482
979
315
348
588
958
597
433
560
359
604
51
548
342
837
781
312
543
77
38
520
810
465
781
472
587
345
223
402
577
827
135
571
660
123
728
427
352
304
890
987
777
898
574
497
177
791
896
495
285
694
928
98
769
211
861
142
707
976
143
519
139
660
375
170
605
661
805
42
319
786
358
302
93
107
192
911
143
378
843
488
908
690
445
998
766
365
914
351
537
700
487
711
737
232
937
141
759
470
703
628
7
790
897
901
410
428
155
906
763
287
602
677
943
304
945
735
174
285
272
229
337
802
890
533
943
633
450
974
96
280
553
821
709
409
367
44
625
192
532
997
544
253
553
628
211
57
623
706
869
373
347
694
606
845
85
998
9
100
380
275
683
946
1
322
355
544
220
391
16
699
374
492
236
831
292
672
211
651
404
426
679
922
296
812
212
898
100
781
955
845
373
863
269
797
584
23
973
405
740
602
827
866
806
28
321
496
303
668
587
545
212
132
200
144
409
909
559
780
218
487
120
408
704
293
369
375
517
535
241
348
388
937
69
712
152
313
76
709
239
814
64
343
66
748
180
554
748
947
877
583
132
791
342
296
497
115
220
346
986
351
882
395
703
456
394
425
375
422
681
938
350
913
862
1
803
156
567
734
428
764
839
511
614
234
704
90
581
316
697
93
259
978
572
316
441
571
639
81
152
656
244
242
346
456
527
596
210
491
252
550
221
691
667
992
139
300
745
130
694
27
284
185
966
948
802
524
790
902
567
661
270
242
529
875
694
761
841
915
308
427
817
519
627
155
204
167
808
199
302
316
690
14
954
68
357
43
26
823
410
726
806
352
463
601
540
495
830
207
896
555
877
144
40
701
906
82
231
591
737
130
508
251
379
472
374
857
732
256
870
200
554
245
225
630
341
512
513
883
799
998
7
543
889
239
118
603
879
731
943
317
393
47
69
445
727
797
44
820
569
762
99
301
416
936
739
627
244
140
523
490
811
618
170
818
131
468
760
918
388
522
776
299
237
155
710
500
97
833
929
682
510
130
958
936
50
123
137
740
882
904
576
786
464
455
629
891
440
626
280
914
127
298
991
959
529
857
835
69
973
32
17
366
175
735
353
54
731
979
814
708
361
617
642
213
817
417
286
291
475
910
115
603
939
985
360
644
32
997
464
443
16
390
671
748
130
819
497
675
423
642
231
400
13
522
310
816
666
180
46
968
49
523
205
325
316
274
909
79
719
340
337
204
364
351
559
16
313
506
977
170
698
989
630
250
611
728
385
887
903
316
483
477
646
709
626
459
134
873
308
419
1
930
881
618
335
79
21
519
872
905
623
864
808
353
74
224
727
767
149
406
196
461
488
999
605
682
501
738
934
858
881
52
740
26
462
690
828
754
886
444
332
371
814
218
214
480
605
725
245
82
935
504
277
955
66
208
795
379
868
94
326
401
743
190
481
993
786
904
255
996
742
411
345
109
346
497
502
320
859
566
144
997
243
2
31
578
236
438
836
959
2
571
468
362
922
374
591
762
299
727
644
737
528
713
75
283
446
628
582
635
456
54
605
373
685
984
653
54
483
468
868
687
274
605
435
33
63
895
792
362
915
701
559
389
176
169
333
408
344
765
393
983
409
785
679
518
17
558
554
707
385
71
334
402
897
719
479
562
945
301
361
612
911
44
253
868
330
463
588
721
42
866
115
390
33
443
227
419
234
767
340
125
725
186
550
666
308
350
892
529
701
820
677
349
452
553
816
43
707
263
315
9
721
573
840
286
397
361
181
360
982
465
639
737
713
849
474
11
85
622
231
498
142
697
890
241
212
199
734
796
71
710
632
532
329
746
869
74
216
494
609
211
263
558
77
393
529
640
476
714
625
771
962
17
784
319
65
299
996
372
378
924
481
151
29
648
982
663
692
773
527
46
922
853
763
459
99
402
561
756
264
410
476
296
827
2
632
146
865
983
151
986
496
943
637
22
926
278
204
966
307
845
973
565
125
477
412
443
350
737
486
431
756
136
834
578
861
866
361
79
572
354
979
126
756
266
88
496
920
37
143
364
341
189
462
336
853
876
87
788
305
576
700
640
738
24
871
221
780
379
616
681
311
704
883
204
579
399
757
680
423
190
587
357
918
864
735
298
271
801
384
56
936
788
941
656
246
717
886
453
844
874
592
548
845
884
514
592
559
924
464
954
182
336
404
837
506
396
595
207
535
253
635
996
47
930
327
733
30
979
685
958
969
291
845
68
507
394
70
941
462
731
822
82
139
749
205
887
518
908
927
268
872
63
244
164
162
996
870
402
668
784
143
59
263
267
388
86
949
479
577
920
579
633
938
461
975
425
28
641
524
212
502
116
104
537
911
803
30
344
997
67
540
405
407
801
979
788
952
309
950
503
873
821
602
51
625
734
545
465
515
389
114
712
924
275
736
791
696
175
973
248
784
805
988
16
754
564
424
172
542
565
67
37
680
104
199
308
118
249
43
608
135
863
603
444
478
853
727
166
803
122
269
98
556
227
189
157
853
928
290
253
153
155
152
414
83
404
62
63
62
122
818
227
773
141
203
820
703
471
279
666
203
385
609
464
12
313
718
815
554
480
757
84
189
346
473
453
990
831
828
650
355
14
57
302
703
457
286
492
228
372
564
134
38
871
701
160
189
67
457
699
982
225
437
606
991
726
481
247
637
315
171
191
452
288
221
612
426
312
160
936
920
880
172
750
206
362
197
988
370
270
771
452
205
415
614
765
354
347
404
471
660
717
369
36
514
349
114
209
346
598
182
972
464
520
473
671
328
300
758
146
888
517
112
895
443
558
973
431
571
262
320
810
574
168
33
212
956
63
475
458
658
775
898
356
438
295
439
229
304
722
906
357
449
356
987
912
971
682
565
935
349
258
159
148
289
338
367
602
259
492
141
355
384
199
306
196
529
985
604
35
835
32
503
785
668
64
721
417
859
830
561
352
124
507
493
575
376
821
952
148
125
927
852
7
607
721
897
904
586
378
466
646
299
41
120
273
634
996
813
513
342
871
7
992
381
78
848
226
670
694
878
653
533
829
683
563
802
330
579
860
823
855
637
17
188
27
681
347
457
564
908
770
143
369
707
689
419
934
602
863
392
121
879
785
848
369
535
186
783
654
276
724
860
979
731
280
252
400
358
146
565
916
250
872
972
640
999
537
891
95
311
538
75
305
621
220
249
871
780
73
488
968
753
349
196
850
446
313
190
637
27
50
601
481
43
464
719
815
672
899
912
765
620
232
769
35
310
385
965
915
781
683
763
774
708
97
947
112
994
214
62
117
629
183
865
142
762
406
837
220
635
267
575
661
997
93
527
499
29
294
423
282
815
901
962
650
323
357
246
538
612
395
951
390
142
901
162
759
964
165
658
33
443
165
459
914
358
548
345
229
798
678
499
318
510
410
434
201
609
813
312
747
392
765
935
882
820
512
487
25
396
226
650
211
108
20
248
344
106
298
267
853
38
917
390
982
389
815
959
631
690
966
189
504
162
519
712
686
626
276
956
422
551
856
617
525
410
958
459
475
878
546
936
958
431
455
691
763
937
696
157
535
226
354
98
963
909
494
191
902
932
749
262
356
873
595
483
677
617
446
807
880
590
336
790
782
735
880
527
643
526
336
167
310
245
87
395
738
606
365
624
294
830
295
32
495
574
345
612
117
158
512
392
602
541
370
288
231
873
28
405
873
639
627
299
144
416
551
426
617
353
761
215
913
997
942
831
633
825
467
768
114
843
576
691
94
824
809
897
565
497
399
177
25
129
534
284
737
894
711
13
930
201
166
576
924
819
166
174
368
726
608
722
248
382
146
732
526
194
260
119
174
667
654
744
744
415
309
461
13
442
828
232
915
131
551
135
507
726
315
962
288
355
113
336
666
386
18
893
376
784
284
908
764
811
179
253
297
15
747
388
447
186
241
990
735
114
281
560
906
241
497
206
435
770
877
988
125
851
916
4
735
334
672
789
21
694
515
821
480
419
844
131
149
985
449
739
962
219
911
191
260
664
684
246
127
215
782
243
325
61
708
189
136
784
706
366
714
422
314
395
785
487
309
119
737
500
202
980
129
914
445
319
527
111
761
727
95
928
104
106
846
36
174
179
694
289
494
931
650
705
268
955
401
656
362
548
199
413
582
660
215
763
248
590
885
954
786
708
743
135
800
803
564
573
814
914
397
286
585
8
880
794
294
42
939
954
94
822
381
754
347
720
672
209
468
190
291
270
372
889
564
961
521
979
778
714
985
663
785
34
230
49
47
605
258
323
347
185
470
73
149
669
964
11
88
161
596
516
644
318
755
267
481
521
816
6
118
929
833
133
478
818
530
826
708
430
909
307
494
216
69
601
492
764
956
881
276
254
709
981
734
637
388
550
594
332
281
647
450
13
211
401
153
962
393
511
371
162
532
221
118
436
808
986
54
18
545
79
647
141
434
643
219
401
633
820
611
557
23
548
34
586
203
830
717
446
502
507
215
51
433
390
201
16
658
640
599
732
702
264
885
826
952
227
152
86
464
36
217
810
543
424
812
837
758
104
879
577
918
620
942
815
177
593
603
345
976
270
154
52
335
305
35
432
723
369
593
878
427
639
183
493
516
78
42
392
934
660
266
967
980
380
74
497
817
514
638
155
774
82
84
824
592
717
236
596
950
305
297
278
616
11
881
810
642
828
897
497
776
173
290
974
732
600
728
805
571
117
984
41
374
590
249
18
813
888
636
306
309
566
558
267
737
867
20
207
454
636
69
906
745
208
803
624
932
85
203
79
989
816
701
161
55
176
797
136
137
263
303
885
229
454
874
72
60
716
131
470
596
363
610
553
547
400
665
826
589
381
561
211
834
268
455
612
139
954
228
301
298
493
442
19
433
236
666
560
643
745
746
619
191
485
731
521
460
617
993
7
566
581
852
606
173
271
588
577
78
329
849
453
883
551
832
269
166
827
113
418
500
471
861
867
796
871
318
679
46
64
966
628
160
105
153
202
660
572
247
562
509
161
561
164
896
272
221
642
256
72
909
815
449
633
905
194
902
322
29
549
791
432
77
941
826
997
604
965
713
536
420
811
68
726
568
327
861
44
70
340
154
928
152
996
88
332
769
516
98
477
301
617
353
518
473
509
749
796
729
306
842
734
816
642
350
292
474
873
982
744
470
863
945
357
199
766
860
114
865
708
948
339
769
925
682
589
910
977
856
572
283
917
514
219
398
657
928
614
362
421
368
999
361
249
904
132
670
647
593
66
894
167
879
888
926
871
100
754
336
653
565
935
271
483
573
538
642
357
341
330
502
553
29
54
811
404
267
993
872
133
138
141
819
688
679
199
329
770
437
487
675
44
80
867
897
854
798
783
57
497
778
395
792
360
114
184
57
292
200
64
795
67
773
41
780
125
57
638
332
194
352
107
932
691
790
58
277
459
659
31
701
506
210
180
133
31
211
26
958
694
968
573
345
357
405
554
693
711
216
687
899
212
888
159
398
470
491
586
199
119
671
349
380
116
865
674
424
600
180
31
46
278
970
235
975
176
838
323
603
173
977
728
12
450
579
409
54
840
202
101
178
741
486
957
442
810
861
410
7
385
114
835
750
8
423
240
89
190
788
920
497
905
136
99
129
826
532
517
126
454
199
720
619
241
644
772
345
377
928
238
324
100
823
531
376
639
454
895
650
285
883
382
155
416
552
997
679
279
959
406
380
467
7
175
974
471
53
174
615
684
838
147
268
495
104
890
938
368
841
875
463
904
727
64
646
421
774
714
898
636
40
992
27
213
958
438
303
132
429
270
559
449
572
333
266
21
121
804
312
215
564
489
652
586
524
74
797
29
965
822
678
728
930
248
496
517
879
848
481
802
872
792
134
690
405
240
236
74
975
142
940
207
260
542
869
946
358
81
428
876
385
477
78
28
163
905
46
386
831
347
457
439
994
376
871
475
166
760
628
275
500
579
892
301
228
100
350
905
977
880
207
926
48
483
367
149
670
272
185
790
81
930
27
398
183
179
542
538
411
736
399
850
382
32
204
396
1
440
402
140
345
156
267
590
923
827
77
920
719
39
821
950
482
320
323
275
827
285
943
808
991
222
369
285
551
880
998
850
111
22
278
600
290
592
627
384
513
275
772
304
418
965
271
542
621
275
989
274
914
281
526
252
374
220
502
959
365
272
192
729
657
938
886
407
680
233
307
498
428
965
943
856
723
484
466
745
487
933
588
687
56
443
280
968
709
56
281
532
842
35
493
749
595
967
54
495
767
786
375
542
688
999
972
78
774
440
498
348
555
211
661
663
73
735
624
705
584
60
655
656
612
21
817
475
362
587
650
83
99
175
796
273
922
859
213
302
439
973
419
970
686
353
588
268
706
306
35
939
346
53
316
319
45
539
465
847
274
233
125
72
673
741
509
790
333
710
687
122
314
352
434
824
907
355
805
900
997
672
260
9
360
624
12
645
155
792
600
100
558
332
972
984
355
151
254
706
278
220
5
960
452
613
642
242
375
661
955
802
287
468
502
360
525
663
547
903
385
889
194
648
459
426
27
696
718
681
36
793
904
921
549
34
247
606
879
260
206
619
211
354
100
762
624
819
270
647
348
856
810
209
331
180
492
461
558
733
158
320
330
654
48
505
289
246
832
98
998
801
779
969
178
992
769
231
699
703
326
931
76
84
588
212
216
975
494
994
144
458
56
816
580
118
194
176
398
879
555
562
650
269
986
499
961
433
360
134
781
664
626
329
559
239
698
975
652
347
748
581
342
3
166
803
735
5
97
10
800
673
93
148
271
446
472
156
127
639
102
563
849
826
405
996
121
805
456
333
763
733
739
594
140
220
238
808
477
670
362
834
82
496
648
44
105
198
281
906
166
744
944
195
484
256
764
528
421
130
505
811
946
736
334
341
494
425
914
672
36
334
848
582
186
905
65
372
725
330
976
871
851
543
368
553
24
727
914
440
744
331
635
988
60
393
410
90
7
871
680
345
264
552
455
824
690
838
749
835
758
301
762
336
458
576
756
130
99
402
180
321
558
226
777
356
93
756
331
341
397
656
922
615
715
106
557
710
399
965
142
762
648
252
650
34
871
503
126
129
48
630
149
256
819
853
71
840
529
692
388
633
506
18
94
380
651
974
267
138
116
809
537
863
32
675
813
471
502
584
948
899
196
903
170
735
435
359
169
171
781
6
745
676
475
704
342
695
723
208
735
705
367
766
331
86
33
93
926
68
146
696
977
395
482
568
703
139
881
12
955
42
620
830
583
8
795
542
184
577
488
525
733
167
714
424
14
465
287
503
922
573
656
97
992
445
702
118
903
832
90
353
801
168
138
871
802
915
56
872
406
840
476
513
81
208
506
900
856
911
942
173
508
933
548
553
143
174
940
525
231
162
970
216
943
721
892
398
573
831
108
931
902
968
501
80
557
80
147
236
963
449
163
274
801
858
369
627
665
985
609
152
882
205
957
679
337
786
277
23
860
929
908
265
139
427
591
405
240
251
625
878
853
117
425
507
892
775
357
907
265
818
200
660
780
709
902
689
987
958
257
813
733
253
92
64
264
688
844
837
788
869
511
149
993
127
20
796
602
127
610
645
293
390
69
245
730
245
531
673
865
546
692
725
881
343
744
907
35
240
938
52
861
641
146
101
442
506
649
512
38
832
501
158
400
929
100
871
384
507
46
670
728
857
243
251
102
451
659
206
487
401
660
637
672
13
14
778
470
18
163
588
693
252
490
272
510
189
402
429
297
513
899
185
450
863
577
922
576
133
874
421
192
639
911
813
776
443
359
736
192
20
694
156
771
208
284
777
930
744
418
539
506
149
712
583
444
641
522
663
50
265
913
20
626
509
805
999
947
944
864
148
795
891
454
371
923
985
817
988
138
886
536
94
614
129
999
557
242
963
155
718
937
306
188
568
809
287
60
744
986
241
998
400
717
939
512
358
218
721
747
357
505
930
353
274
570
946
110
413
976
959
830
594
553
638
470
795
185
154
831
444
979
536
534
818
401
345
367
41
107
621
191
384
363
136
488
123
361
724
615
397
507
163
521
880
324
327
276
507
661
553
779
366
18
146
377
861
435
928
135
263
330
729
568
50
772
437
113
780
232
571
854
696
205
395
80
316
89
139
507
875
579
496
939
116
178
499
174
109
607
789
420
277
764
280
492
293
32
132
217
682
467
195
49
499
148
434
693
553
762
916
348
159
910
652
467
455
624
183
791
599
465
347
979
110
317
864
309
623
83
578
634
825
917
496
802
72
90
948
862
764
43
391
254
467
331
952
839
630
255
937
946
645
444
383
351
584
600
508
40
587
817
10
986
476
634
885
470
668
316
446
31
584
849
352
771
940
100
225
36
931
76
119
825
389
614
532
61
36
522
687
729
133
462
656
397
528
783
696
89
452
327
483
922
907
128
955
633
492
294
994
421
115
218
924
960
865
634
246
839
945
894
559
19
17
286
817
749
721
824
628
647
827
525
952
405
414
995
804
513
649
253
64
902
121
38
379
285
927
220
282
179
65
441
238
964
859
78
864
208
618
32
324
379
453
916
271
187
208
310
935
458
566
29
158
548
642
755
337
842
690
288
579
444
169
862
585
998
488
536
930
329
864
363
229
706
478
206
311
152
227
686
751
511
327
290
104
425
882
926
403
628
942
195
206
15
492
722
572
206
394
737
738
197
430
935
644
136
922
641
914
825
412
359
34
307
784
152
19
547
332
402
451
143
208
711
342
399
128
985
155
287
775
85
604
278
89
733
747
865
462
112
748
121
662
956
83
283
21
244
34
206
277
420
326
71
50
41
87
376
294
302
730
871
162
944
285
474
45
483
359
49
308
406
169
692
182
594
693
603
67
640
377
780
721
400
944
671
458
573
550
238
333
429
445
640
271
743
865
885
270
669
556
659
306
809
54
38
736
884
509
183
469
257
405
811
635
889
869
836
283
79
814
581
391
43
504
695
626
756
562
305
167
486
486
68
67
4
295
268
120
607
671
842
526
300
114
654
688
387
833
434
649
595
131
954
185
204
751
376
288
29
286
908
181
419
688
32
267
35
966
737
897
422
728
17
36
923
122
10
996
723
543
501
176
342
810
481
230
291
229
23
283
364
273
241
675
687
912
67
742
513
50
577
872
598
898
672
986
844
788
722
594
789
141
257
468
490
399
804
483
460
