#seed = 808
523
351
940
961
593
489
58
258
340
857
451
614
391
198
647
932
940
436
65
889
742
29
853
166
261
278
9
971
640
368
596
758
669
370
188
988
604
432
444
867
26
314
618
81
937
114
478
821
612
339
958
384
535
251
846
839
509
910
605
408
412
895
987
303
196
554
335
308
45
539
277
354
397
581
484
158
656
144
830
354
722
970
168
733
368
289
745
41
669
354
208
793
56
153
158
765
635
165
634
500
110
775
531
932
634
423
232
928
665
115
3
63
570
613
189
637
68
392
187
32
232
735
237
137
864
834
239
261
438
574
721
24
845
767
161
317
972
428
425
779
497
960
642
415
202
776
655
554
334
358
671
728
202
857
538
780
568
63
68
803
98
664
776
116
84
416
284
56
568
800
66
995
122
481
790
231
779
231
515
802
916
174
889
836
584
444
353
759
332
547
881
874
995
16
226
476
449
917
814
290
769
567
192
701
834
285
276
571
12
438
613
408
984
941
597
168
262
60
47
28
864
394
952
911
388
923
596
980
319
154
565
118
300
661
471
235
931
53
63
806
111
785
553
312
648
182
40
994
631
757
576
497
712
953
359
414
321
947
378
129
393
620
29
401
556
6
466
419
547
639
283
981
96
283
442
102
71
246
437
788
568
347
927
689
328
963
33
314
967
93
456
629
773
462
800
391
462
606
191
360
701
503
716
948
100
658
101
206
81
984
616
450
76
697
553
792
372
677
347
272
994
333
258
958
790
541
692
628
381
680
504
206
196
200
582
974
494
832
558
788
865
816
653
978
639
357
178
522
81
994
583
876
725
447
347
871
304
76
188
611
110
170
394
977
382
38
966
648
483
459
9
117
437
187
9
358
71
609
190
427
761
566
995
529
565
55
856
780
398
599
645
905
701
694
680
341
598
318
383
254
871
789
10
452
368
404
431
570
413
43
57
711
929
214
394
892
861
776
357
914
950
795
425
553
421
50
616
343
823
499
726
923
533
235
540
517
478
703
595
348
176
605
142
683
405
662
625
897
794
176
406
139
483
51
374
632
658
824
836
498
607
953
309
484
473
905
596
324
187
921
810
150
546
284
674
946
994
696
275
723
703
186
750
773
953
492
743
170
313
885
857
897
841
533
2
620
528
379
654
341
723
926
327
956
471
756
281
343
642
130
916
815
977
721
451
923
876
481
345
443
502
877
995
442
873
186
792
729
654
445
662
548
978
601
86
460
908
825
215
408
426
536
936
872
252
610
607
520
920
791
807
694
28
364
814
376
947
629
340
845
270
667
255
358
756
814
588
128
156
15
960
265
607
61
252
220
651
826
759
723
601
56
461
936
576
374
181
896
555
473
841
156
133
393
798
69
557
361
955
724
660
714
711
628
563
925
555
629
42
787
134
573
147
195
575
356
685
366
501
468
5
355
283
643
262
690
999
615
681
303
553
701
136
878
649
614
972
629
145
519
798
42
330
163
58
697
330
327
968
194
962
114
548
222
846
6
750
572
54
767
348
740
554
287
571
710
786
348
524
840
946
375
106
299
77
114
778
297
729
261
516
301
200
564
374
270
455
257
216
73
311
281
194
163
168
502
441
832
789
969
816
770
459
129
787
962
908
901
527
452
200
9
382
618
91
272
271
984
769
767
609
31
165
338
79
248
73
869
671
254
904
553
429
104
599
761
661
778
146
207
246
376
948
576
361
831
606
185
97
991
440
925
948
784
69
972
975
279
440
705
993
550
437
672
950
710
659
274
587
345
685
718
529
248
287
614
146
150
630
411
817
503
936
374
598
97
587
29
815
717
570
214
346
642
937
162
878
847
673
129
538
962
367
990
901
193
271
934
429
868
711
203
859
277
742
255
59
6
451
768
473
990
833
287
791
159
400
52
491
863
151
401
637
864
933
57
854
390
352
805
428
197
716
107
923
325
941
100
118
531
256
160
306
781
163
577
459
281
997
176
47
682
208
511
401
177
627
420
393
4
148
855
262
997
371
89
413
922
545
25
819
148
735
604
470
542
443
327
610
556
710
12
72
893
713
511
241
519
421
580
344
430
145
871
253
904
750
296
837
128
23
689
663
405
444
741
610
150
614
606
674
636
365
603
993
108
244
997
410
223
846
484
656
824
674
562
917
178
306
724
608
11
34
257
805
481
83
928
160
248
919
578
964
501
527
833
246
737
360
340
207
501
740
528
742
599
756
636
947
359
499
305
568
512
438
420
435
486
288
698
374
864
754
543
463
250
255
74
162
747
614
136
149
277
57
172
228
86
114
528
219
994
956
59
682
291
31
903
666
566
406
213
422
123
995
944
677
217
899
66
915
243
595
863
175
675
785
164
464
746
992
227
40
713
3
559
578
343
906
958
800
535
930
727
461
396
183
681
730
276
925
302
580
975
828
379
226
707
690
621
652
262
258
985
703
942
898
807
477
952
962
44
745
827
376
27
424
920
409
280
611
553
674
273
865
259
812
9
617
81
206
305
814
350
493
109
827
751
206
841
157
170
323
110
320
215
468
645
121
426
821
695
163
26
502
463
238
697
48
876
969
448
242
46
376
103
883
420
697
94
874
280
256
522
498
744
858
799
417
482
782
479
904
291
127
52
844
796
959
448
955
633
750
182
466
831
872
284
291
786
388
184
740
416
232
52
626
629
90
919
565
468
842
122
892
975
683
915
378
180
752
329
200
276
555
237
978
576
984
330
526
26
553
265
742
493
35
427
343
538
741
531
242
129
928
695
560
152
338
699
690
915
253
962
150
760
60
843
765
149
54
892
98
953
387
509
973
524
379
443
973
259
942
855
981
236
286
739
893
778
560
192
457
493
874
215
310
2
526
626
713
955
157
862
170
74
383
208
677
295
174
49
225
595
762
599
369
473
151
345
33
640
627
110
130
855
667
27
198
382
693
511
928
180
64
685
42
675
264
662
378
972
406
896
790
63
260
638
660
916
974
725
750
687
692
761
75
852
380
786
553
631
100
278
214
790
541
220
790
373
171
546
535
534
697
172
632
843
193
738
80
153
785
580
355
227
137
805
510
704
977
785
380
522
96
907
145
292
223
248
75
359
155
810
697
105
426
722
476
186
357
261
434
756
451
793
321
287
246
381
424
367
54
987
817
291
212
810
347
250
130
932
220
339
445
440
292
417
300
221
93
545
635
685
518
634
80
521
702
736
230
223
421
301
904
60
766
861
285
439
97
516
57
460
646
518
613
130
84
626
77
570
327
820
815
156
175
606
731
903
317
858
814
373
297
982
345
425
118
213
238
726
591
318
306
517
276
459
806
162
636
857
144
116
86
662
574
335
763
396
210
928
370
856
921
116
255
335
982
29
502
679
316
66
761
549
696
762
817
512
996
717
610
336
424
559
959
732
636
394
492
848
352
863
90
407
532
584
684
795
339
269
337
606
274
265
123
75
751
256
36
950
125
176
120
189
91
40
93
954
636
353
110
614
969
80
312
27
626
445
556
998
829
804
643
247
725
837
760
902
987
18
470
428
426
653
466
835
596
91
460
651
810
520
295
602
937
376
624
303
296
919
347
452
782
463
920
141
680
220
157
185
960
813
445
748
545
481
278
214
567
882
32
52
204
859
322
473
716
106
694
832
482
650
804
17
131
985
965
654
472
632
702
672
770
252
356
115
238
271
838
378
208
44
342
433
291
222
618
21
126
227
439
482
875
186
237
297
281
262
685
539
889
606
798
887
325
419
176
820
156
277
664
684
731
418
841
797
309
564
428
964
75
798
854
600
855
611
536
377
146
715
924
19
262
818
595
923
413
279
363
476
520
870
206
462
236
522
814
917
982
155
468
721
319
151
927
495
243
504
538
651
444
867
46
232
715
416
615
958
830
731
51
559
277
485
436
54
863
575
31
484
673
933
397
136
822
115
735
27
787
447
598
581
513
354
288
143
957
876
119
518
964
731
43
32
744
40
928
503
856
470
258
511
347
567
61
310
317
141
617
655
410
218
26
722
615
781
349
884
696
2
959
46
252
780
680
804
844
881
572
965
547
850
794
82
64
494
822
605
406
418
369
656
84
711
560
494
168
768
626
898
375
230
810
738
216
345
165
39
366
197
909
892
844
592
980
281
818
412
205
179
758
901
683
497
94
832
525
357
242
29
513
470
223
651
13
990
437
303
758
60
226
89
279
465
343
691
739
895
272
470
165
330
953
554
788
271
292
306
325
484
392
114
112
699
931
287
565
990
623
33
951
872
395
855
934
206
296
903
563
353
876
496
300
672
772
862
799
454
617
449
443
245
269
875
650
974
759
612
995
983
331
628
229
751
485
244
29
201
851
89
112
250
890
974
108
416
377
268
272
554
794
505
421
86
951
371
548
427
497
503
590
140
251
179
570
972
109
564
337
84
148
12
86
535
39
11
306
647
645
577
708
494
402
534
757
26
201
382
424
293
154
29
728
880
260
122
357
500
22
867
854
637
40
141
770
804
167
757
434
599
93
56
198
647
126
44
848
269
510
593
229
313
689
952
87
857
515
534
495
459
510
420
168
264
665
607
255
844
69
215
271
814
595
558
954
672
153
526
313
427
908
495
604
163
216
845
909
962
10
610
710
324
958
237
147
15
948
814
522
292
549
636
199
518
708
46
460
286
792
610
486
681
6
853
194
151
787
800
78
16
951
859
405
844
804
368
794
335
950
503
254
592
429
834
12
773
373
436
337
781
15
427
753
201
464
478
188
832
663
564
560
237
876
884
520
31
892
203
130
981
193
925
271
660
774
363
683
142
624
141
628
953
808
172
63
625
286
438
981
594
199
759
861
863
487
769
540
176
681
696
831
844
146
661
937
851
662
220
224
181
451
684
409
245
978
234
228
28
588
170
490
811
528
36
882
729
98
703
732
588
632
436
245
544
734
546
833
41
937
169
846
159
784
669
820
765
695
641
443
302
550
261
286
901
262
798
715
350
979
665
20
223
84
812
223
981
831
56
513
308
794
174
634
422
749
653
50
239
35
6
202
683
192
548
732
781
228
331
68
437
612
188
128
52
666
898
331
767
963
396
15
14
294
871
48
224
101
647
166
405
787
563
475
143
870
234
891
758
174
597
880
727
363
51
373
144
845
451
403
858
684
929
319
555
768
88
292
432
811
8
605
596
835
524
643
63
708
268
660
813
433
410
733
969
899
530
430
998
10
379
595
251
296
76
500
753
269
645
330
234
493
659
209
999
110
415
989
229
806
148
565
86
625
900
685
688
71
638
327
556
692
149
841
213
705
16
970
770
617
481
245
250
542
349
872
619
121
831
943
175
512
233
17
396
377
64
908
918
557
322
77
35
616
495
975
299
29
985
741
458
727
138
363
636
81
297
245
108
159
128
587
968
694
228
461
156
198
90
400
201
600
843
163
210
706
756
683
19
175
732
905
583
595
322
950
428
612
523
421
53
269
69
454
452
316
427
811
834
899
814
595
372
628
684
501
467
693
999
166
929
218
29
787
987
506
831
146
287
994
160
203
435
302
444
460
759
550
186
425
161
933
16
899
131
452
9
791
51
853
838
175
671
172
286
70
178
359
851
773
648
727
259
51
778
791
839
713
750
472
548
546
910
871
787
578
411
750
823
790
518
935
243
569
914
896
117
599
154
759
27
545
995
791
120
153
693
91
19
648
315
775
597
43
156
150
797
572
886
885
81
173
367
919
75
127
359
178
870
688
341
630
203
635
708
502
116
282
897
807
813
206
540
949
770
439
945
69
920
559
738
605
340
488
466
968
74
198
161
181
940
335
191
775
927
399
31
800
203
16
434
430
671
335
204
175
486
362
567
185
418
981
218
26
59
516
965
158
28
810
372
711
59
711
781
599
227
633
560
201
296
106
611
613
22
127
847
698
501
936
282
773
477
747
521
544
203
83
866
454
477
694
388
731
288
965
819
137
259
940
260
365
319
601
497
359
829
281
529
960
468
758
135
686
414
485
638
91
143
627
502
812
817
240
821
109
534
772
901
10
227
501
181
144
300
427
183
737
298
611
798
750
623
407
394
872
370
462
330
911
987
224
444
419
180
58
323
913
113
320
934
557
414
136
233
598
380
371
907
863
80
759
59
529
920
543
15
638
883
68
506
680
252
236
481
880
9
665
299
339
838
805
755
503
546
121
835
971
331
805
935
628
331
722
443
227
118
779
673
228
502
305
259
146
621
437
385
126
526
945
104
135
625
120
855
435
609
412
383
859
396
182
551
716
30
935
729
938
242
949
949
15
158
202
863
521
810
223
167
866
125
261
782
249
36
532
528
406
600
100
954
170
123
369
32
532
983
404
179
904
138
811
358
963
913
179
988
986
744
524
168
223
668
819
401
141
109
669
487
699
196
38
646
36
868
354
198
768
432
747
652
923
145
969
722
691
186
87
397
239
90
354
648
562
405
149
869
911
352
847
435
311
527
454
689
165
461
677
13
123
822
697
697
286
460
153
970
643
357
44
383
629
741
100
675
799
501
720
998
627
968
295
390
893
998
920
477
794
367
991
56
722
821
810
332
484
854
457
573
969
21
100
396
920
356
46
924
137
80
559
753
341
129
184
965
690
445
719
616
77
192
163
452
32
969
569
931
403
20
492
357
94
559
356
833
581
924
461
551
108
330
296
688
545
952
926
763
602
96
161
301
731
395
581
316
130
462
763
960
734
513
95
879
257
544
151
539
414
200
684
202
37
671
381
689
20
872
726
606
352
874
104
57
929
269
466
901
763
800
901
121
768
897
141
190
707
626
51
517
176
924
655
383
344
91
803
727
656
782
3
47
896
689
24
110
161
137
84
723
112
923
304
401
711
857
74
983
835
914
314
787
720
101
738
810
88
138
558
86
490
917
593
317
471
880
127
714
232
939
161
386
404
563
139
653
238
380
602
598
834
124
457
25
360
462
522
289
241
432
849
203
359
153
172
786
993
354
623
271
627
856
765
165
524
27
113
959
1
503
233
703
943
868
300
235
405
940
378
909
848
240
346
560
1
295
937
675
577
364
894
59
76
259
459
569
363
961
517
228
548
773
388
541
220
366
398
150
36
674
238
973
81
760
571
19
901
530
787
291
932
435
110
121
321
817
46
601
38
71
4
1
426
34
166
388
133
406
316
828
935
436
3
987
663
274
241
86
872
287
542
279
813
929
555
149
476
757
397
130
145
650
178
297
353
875
116
154
159
319
43
875
556
535
884
740
303
907
959
735
612
33
71
35
1000
123
891
780
779
396
577
184
302
247
330
736
436
931
529
257
477
151
428
446
206
78
85
748
844
607
171
289
478
52
801
314
987
101
576
296
345
473
536
942
668
592
513
994
831
727
329
413
221
656
126
97
120
774
754
70
203
890
159
81
171
997
792
249
887
971
239
679
9
344
853
9
437
274
68
67
326
722
80
868
392
624
68
496
936
146
528
319
359
536
136
417
629
119
192
780
419
961
796
948
369
150
924
29
982
665
821
688
301
264
994
248
468
249
273
144
217
526
162
163
613
861
970
615
554
391
902
678
337
259
627
555
771
966
162
470
666
352
224
547
560
382
764
37
77
720
738
659
494
111
220
133
784
997
224
749
725
432
325
636
405
252
335
776
397
396
498
975
181
661
867
914
355
424
985
321
62
41
691
911
661
256
627
986
661
284
616
65
649
551
33
58
716
514
677
687
882
205
384
124
100
435
920
56
355
424
814
494
868
104
295
471
521
782
90
901
464
189
244
158
420
719
999
803
649
831
481
900
198
461
97
299
115
965
964
873
842
84
453
784
362
665
780
911
157
52
37
643
852
62
481
816
729
124
666
396
313
169
567
236
613
702
703
822
437
833
859
226
877
768
876
557
388
624
772
835
703
230
720
912
933
281
99
932
203
306
70
129
200
898
714
450
18
454
872
393
831
721
64
709
336
407
191
423
592
433
596
935
810
313
128
952
832
300
293
420
664
223
799
629
617
551
96
194
523
705
640
858
564
18
585
647
951
245
128
322
432
527
239
136
690
520
880
294
17
801
244
214
179
76
578
973
56
380
179
440
523
602
481
667
641
393
656
477
543
375
773
284
824
944
875
224
563
576
764
279
299
85
36
612
744
599
298
21
82
309
320
192
38
597
585
864
194
224
242
530
898
704
225
222
101
238
50
221
801
348
17
134
722
52
1
4
226
395
603
592
227
230
66
734
472
807
427
118
209
348
387
138
829
180
800
55
170
495
433
362
536
25
890
1000
347
298
71
946
119
621
977
347
406
339
447
743
45
635
956
793
181
841
134
617
301
96
55
977
644
565
284
691
892
650
259
513
402
147
73
720
610
192
161
193
160
983
729
285
185
910
967
901
328
354
784
516
28
887
513
113
590
101
719
564
641
787
336
812
146
458
108
35
223
921
534
119
652
976
349
166
408
411
256
333
38
309
774
21
320
534
402
331
181
947
461
58
355
65
142
94
288
893
740
72
906
883
181
609
87
289
831
917
398
134
387
310
940
285
1
706
275
232
559
74
205
843
627
695
686
679
656
307
519
951
861
961
559
954
160
595
52
453
818
894
983
300
108
68
838
453
616
430
339
74
226
179
121
81
757
857
214
425
26
799
716
299
611
452
194
99
573
472
520
289
284
854
552
224
680
338
39
731
413
156
42
167
729
721
334
769
879
843
871
564
696
869
386
159
193
636
943
9
479
525
14
858
15
391
363
103
442
13
83
969
878
355
806
539
800
481
951
102
652
689
486
339
351
809
542
341
524
286
402
848
795
949
715
218
280
863
469
956
999
136
160
644
893
12
801
539
257
679
576
598
418
399
773
35
962
665
524
514
240
900
63
701
860
285
395
174
307
520
10
427
642
305
495
752
502
756
1
778
218
271
126
627
915
689
153
151
229
15
543
882
833
587
82
476
686
209
808
418
347
368
822
857
503
281
214
665
527
16
585
813
782
220
381
859
556
220
606
596
661
127
179
105
442
192
248
159
61
565
977
418
317
994
478
394
18
911
817
915
42
339
348
367
714
979
152
112
368
915
409
109
877
951
949
323
536
846
227
533
797
980
400
353
909
419
636
192
991
469
995
346
12
921
824
756
9
55
356
767
549
417
740
758
889
65
65
196
487
529
904
583
75
203
625
741
815
917
125
249
675
496
609
122
969
830
824
337
583
621
588
829
221
876
749
444
734
65
434
752
35
53
811
323
931
429
754
457
463
270
926
561
929
363
295
359
661
326
976
857
608
969
901
892
973
455
430
754
318
965
388
10
112
758
1
365
303
55
236
152
528
408
105
491
862
548
287
892
211
453
571
1
24
654
195
936
841
103
740
13
607
783
4
656
737
113
196
599
765
309
317
719
367
177
84
595
196
708
584
23
561
912
999
724
700
841
48
151
364
470
156
920
37
987
966
484
275
248
441
176
160
770
65
443
96
268
961
62
65
882
852
818
345
497
599
614
951
686
227
988
556
554
296
255
730
590
333
956
282
345
789
281
276
659
747
254
551
213
230
199
640
648
199
563
703
990
399
28
526
105
270
955
475
726
646
415
412
36
894
818
490
431
74
448
486
420
504
29
879
777
85
650
726
187
230
876
65
498
923
25
948
101
405
231
422
597
857
307
782
689
12
539
790
366
678
273
952
72
899
524
310
530
532
12
654
718
605
402
377
785
527
138
213
182
549
782
88
221
220
136
221
280
780
403
411
906
131
991
272
101
233
463
30
590
438
656
972
294
647
577
445
336
975
698
605
354
330
178
735
10
893
841
307
494
57
470
93
176
359
358
626
572
381
618
4
944
382
123
604
47
400
485
470
641
207
477
808
475
255
88
805
918
694
722
334
103
536
552
48
810
116
162
657
388
580
688
363
660
290
312
99
364
437
162
875
2
683
352
603
309
977
197
31
423
677
592
970
110
452
349
864
806
600
192
569
407
665
359
625
78
837
60
532
410
58
859
335
829
455
982
985
790
387
419
625
575
957
830
209
392
434
952
824
151
69
92
358
465
737
378
720
954
362
234
427
925
242
758
909
408
703
756
631
120
937
143
14
796
146
81
905
120
718
47
781
289
345
81
444
455
872
108
317
532
319
30
404
16
754
470
858
695
575
693
191
927
737
837
908
97
991
668
509
667
779
164
667
296
39
731
552
757
241
826
308
849
335
309
716
880
293
214
378
684
268
838
231
793
388
424
141
394
490
723
282
125
925
541
966
72
346
439
285
439
1000
289
176
388
590
90
342
977
984
563
968
820
168
385
531
47
145
454
486
196
926
851
418
602
489
604
249
190
352
360
896
232
882
651
182
81
976
722
439
22
134
730
946
916
296
709
845
80
209
626
18
433
311
208
939
301
499
414
490
516
652
338
915
205
187
829
186
604
217
448
345
676
572
309
122
110
344
227
739
782
891
391
799
615
937
4
441
211
190
272
139
256
730
354
756
802
902
859
176
313
717
832
778
271
141
161
869
808
773
601
648
982
424
635
815
176
680
541
126
279
406
684
577
541
358
556
750
466
223
49
548
700
423
215
397
770
998
322
575
781
505
347
592
76
183
888
535
210
120
847
536
958
377
798
975
847
971
570
526
802
668
779
737
210
661
504
967
362
250
828
315
9
625
660
952
755
202
387
835
816
61
309
258
124
432
12
587
835
623
586
103
206
174
980
141
981
739
239
666
859
46
923
566
857
434
960
707
472
909
384
127
759
867
267
40
68
273
761
95
27
245
584
269
681
155
898
498
123
579
217
812
152
118
642
596
943
982
404
573
647
61
579
750
41
198
134
831
627
544
713
96
436
193
871
452
592
775
839
324
39
962
626
81
886
309
375
897
393
251
59
67
75
118
48
29
564
266
585
682
157
824
143
178
379
63
659
209
486
45
377
937
749
492
981
323
240
319
92
721
906
875
754
759
25
51
883
352
330
323
816
709
574
582
545
1000
419
939
577
927
208
282
354
931
802
341
390
760
876
489
967
991
854
332
124
407
772
832
440
43
273
949
448
29
721
134
529
103
376
873
700
610
786
786
7
16
992
553
506
243
43
279
898
97
721
968
557
383
585
538
835
610
868
757
917
508
506
618
76
827
942
613
761
990
552
935
173
537
269
68
212
361
452
900
186
761
399
789
226
161
556
5
215
656
480
725
569
976
831
577
799
664
66
972
747
384
389
456
846
69
387
939
648
204
297
701
116
555
125
142
550
339
713
396
522
298
199
290
66
357
762
709
772
258
110
864
270
211
622
391
71
279
920
576
563
682
159
941
570
677
141
806
621
424
683
268
262
652
654
840
908
261
615
66
32
652
208
622
215
147
974
656
51
618
495
64
760
495
306
673
321
881
189
691
652
325
454
784
297
121
666
724
138
510
524
