#seed = 1001
114
224
495
991
532
849
233
43
525
344
872
603
568
32
304
866
156
389
680
111
256
668
729
155
716
641
44
866
181
808
893
10
268
315
750
577
765
186
865
403
47
592
478
640
852
146
853
340
566
586
113
832
268
890
170
975
448
773
60
675
103
847
937
325
764
684
224
355
401
806
664
755
339
952
789
622
256
503
653
640
208
649
400
644
862
741
722
220
225
578
935
414
83
436
601
947
13
937
577
449
933
705
768
928
285
868
544
113
993
829
908
681
357
204
152
286
800
386
46
57
401
685
543
913
581
435
555
657
850
60
117
263
284
424
93
485
817
839
147
132
210
903
173
412
968
104
21
25
785
116
834
192
758
794
114
679
874
993
953
386
97
601
440
705
770
14
709
359
619
654
250
117
23
154
317
141
735
153
36
891
306
831
154
909
690
316
970
252
45
657
591
794
148
182
390
123
484
895
257
793
438
581
697
47
101
112
847
927
140
322
831
711
433
191
865
805
386
113
917
508
483
335
747
415
889
685
12
722
293
535
112
680
704
584
981
862
240
207
784
526
508
504
476
769
10
337
620
404
106
995
974
163
591
560
599
19
930
28
245
504
98
483
500
151
156
570
888
918
658
842
732
104
531
327
669
732
360
872
399
421
446
343
162
61
653
303
343
18
932
661
597
586
630
758
730
139
373
296
240
563
305
222
903
958
789
339
704
678
239
992
517
429
762
176
467
366
322
152
593
329
491
468
96
853
230
413
262
319
320
894
296
457
401
758
228
798
510
664
800
202
292
357
579
591
818
764
678
2
145
928
55
211
163
767
754
571
277
338
115
840
434
184
660
124
101
926
535
140
562
25
738
628
34
460
733
320
2
445
344
829
775
361
669
93
999
568
535
593
415
835
422
914
597
946
616
672
473
818
870
11
853
483
272
488
486
200
94
595
765
344
948
67
975
33
152
147
277
892
76
36
801
411
834
712
326
399
89
673
706
159
59
24
683
706
200
914
130
198
67
148
225
481
214
976
141
500
52
256
144
103
795
78
718
599
205
718
713
644
441
99
739
760
779
286
727
82
908
542
117
496
71
833
744
347
810
672
86
732
381
608
179
125
986
245
514
578
473
625
338
477
774
714
664
753
977
258
975
943
762
144
449
340
279
276
624
772
868
735
573
455
182
696
860
385
476
859
738
576
698
965
956
54
371
522
198
782
738
687
421
460
437
900
514
61
295
537
419
782
865
417
175
848
844
404
469
456
861
982
466
741
725
189
493
579
924
784
385
676
42
82
998
190
738
454
732
96
419
109
478
222
539
754
935
980
938
263
507
958
185
113
420
774
694
229
936
191
501
678
259
502
244
671
39
385
715
482
484
279
574
395
941
479
712
463
833
773
750
982
10
159
133
487
878
862
409
987
944
583
475
833
395
737
581
545
730
857
453
60
974
49
285
944
420
391
251
978
930
649
202
308
663
839
147
382
180
137
921
536
363
463
824
501
274
999
985
644
812
481
677
472
612
31
371
976
439
16
584
152
197
587
954
294
411
665
289
713
265
323
842
546
683
395
770
63
862
902
203
573
801
902
318
947
637
134
285
790
554
407
843
94
679
88
251
655
581
554
610
939
409
17
762
429
285
190
244
361
690
761
304
903
268
468
92
295
58
547
167
230
528
672
945
734
507
331
345
292
952
766
562
26
449
158
387
869
405
325
98
721
267
829
948
368
947
183
611
889
89
361
780
381
543
198
204
821
21
48
263
496
760
985
981
945
612
614
314
844
343
796
40
313
60
149
746
129
73
19
631
965
438
517
154
207
569
471
466
936
450
243
211
912
536
22
344
236
855
942
242
105
399
871
306
870
154
5
519
648
129
411
189
728
707
18
58
591
260
933
414
353
566
161
14
591
166
98
765
926
437
273
984
358
585
930
412
29
368
161
511
737
17
468
743
540
447
876
419
209
58
317
988
270
731
917
391
154
612
729
754
581
594
547
864
559
585
920
107
608
274
101
853
575
211
138
987
159
595
567
799
155
992
259
448
353
519
83
16
692
88
911
818
580
43
632
317
345
730
886
178
469
509
838
766
903
628
961
660
643
805
271
874
390
762
266
22
896
238
64
526
778
484
560
473
527
987
157
532
599
226
704
573
359
924
295
878
60
496
132
254
477
697
625
338
961
324
735
315
221
619
182
396
512
189
583
459
18
551
213
473
590
980
18
728
281
500
741
576
795
100
280
797
850
873
144
913
141
474
431
298
878
954
83
679
673
815
57
596
521
178
548
55
890
851
71
911
617
152
851
17
623
233
481
638
660
396
737
844
713
464
491
118
30
320
211
803
674
774
74
609
336
993
743
523
678
396
108
606
353
780
229
388
365
366
115
419
577
659
607
158
807
82
18
973
336
80
768
171
614
62
286
588
75
126
577
753
367
379
429
82
719
269
503
310
528
30
314
482
468
212
469
516
875
947
126
666
202
718
704
756
209
722
656
19
742
472
510
404
720
132
126
293
334
542
117
843
757
805
769
326
344
555
50
242
954
793
933
770
935
527
287
562
160
744
669
905
350
992
282
281
237
627
195
861
410
348
572
799
704
534
557
91
811
115
479
179
919
494
9
823
683
159
239
488
983
579
745
586
357
52
810
852
980
452
15
253
414
914
487
85
980
191
194
397
544
688
554
140
799
736
118
951
41
272
766
67
705
574
760
530
944
64
257
256
358
203
687
521
136
37
227
170
517
618
188
256
218
95
318
360
854
537
482
236
31
273
655
415
659
310
182
54
755
799
939
658
778
668
623
302
971
463
754
985
784
573
638
697
471
667
616
421
119
6
447
388
448
619
454
775
24
736
494
720
770
317
924
790
185
186
923
422
795
695
418
671
465
642
926
346
842
360
970
61
478
603
506
810
472
228
784
96
709
334
645
910
650
319
409
543
122
747
78
423
172
502
359
40
107
110
798
841
327
107
82
756
792
36
831
259
763
672
368
718
854
485
543
419
317
704
677
994
31
257
686
868
442
34
915
472
418
757
899
545
393
679
299
951
849
613
930
257
517
833
202
996
797
281
112
155
904
796
5
939
12
18
725
553
497
471
364
122
235
307
584
982
14
961
706
290
780
226
934
689
898
534
442
375
729
422
396
474
288
648
331
45
950
144
735
522
677
376
765
859
194
292
459
284
865
452
650
673
654
495
305
560
134
608
133
747
964
552
334
428
687
952
341
333
728
656
82
91
466
9
970
86
370
436
862
704
374
165
959
31
714
783
573
281
637
901
598
979
978
450
531
174
803
214
198
454
711
574
408
88
716
463
912
72
272
694
838
900
457
527
173
857
261
248
742
480
547
769
673
604
240
722
935
658
70
952
691
470
719
566
367
46
39
925
586
461
559
704
279
422
398
790
1
691
882
180
82
521
596
86
11
25
386
282
974
342
102
666
903
310
267
604
649
608
7
951
724
568
244
220
676
481
713
95
198
952
158
792
387
656
932
475
519
128
603
456
251
493
597
551
310
685
359
636
458
426
112
386
163
878
842
984
290
809
694
221
672
901
588
817
358
242
376
433
113
459
359
222
995
403
681
811
332
781
785
746
544
904
183
586
138
195
598
222
150
514
273
685
491
69
177
209
319
233
690
934
717
758
468
793
10
349
116
59
142
819
962
497
5
854
150
713
445
882
308
563
409
73
230
129
44
637
184
653
994
747
935
870
280
118
771
86
844
653
412
850
687
826
56
359
662
408
386
974
360
168
455
307
786
152
889
232
46
281
166
649
386
787
963
476
221
135
762
239
700
905
172
125
323
80
527
606
271
139
799
802
832
889
763
106
699
501
511
68
533
852
495
105
493
557
571
500
360
341
653
681
624
683
559
727
846
822
706
67
228
489
218
939
839
776
117
284
954
35
354
657
814
940
334
512
285
181
793
938
814
331
247
167
314
273
955
772
709
835
758
235
304
768
53
924
508
818
969
173
665
918
959
139
220
18
559
388
231
304
282
627
242
174
509
735
87
294
723
209
3
801
662
624
984
691
717
10
848
531
634
369
20
378
634
239
835
261
799
480
974
856
403
107
840
457
874
148
946
726
522
409
556
245
639
911
16
894
391
200
313
878
428
651
753
107
512
897
895
751
402
647
199
299
702
173
444
617
779
850
153
94
974
121
93
250
893
92
732
293
597
411
866
344
580
601
146
621
571
484
573
61
707
863
471
28
289
573
547
370
116
468
718
392
330
340
577
581
90
995
176
413
5
110
159
781
446
509
180
333
824
244
208
418
247
826
144
311
398
224
328
607
792
711
526
826
90
190
956
530
165
295
831
320
753
613
45
856
685
765
379
694
708
725
36
755
305
813
550
688
515
217
751
102
203
632
197
47
274
244
330
684
960
998
254
716
879
733
431
238
150
347
203
996
449
268
774
532
350
916
71
899
978
924
396
728
290
873
870
147
694
513
704
200
791
770
505
332
505
561
473
491
844
684
328
595
997
5
233
440
881
147
309
981
793
22
356
740
392
471
87
394
586
218
921
514
447
225
708
652
485
606
463
706
724
676
173
735
458
451
905
348
447
358
621
776
571
907
330
372
211
326
474
832
426
114
593
149
916
37
818
960
102
991
702
904
625
79
319
964
806
610
114
660
723
433
987
434
195
493
731
332
564
946
292
330
866
133
509
966
441
676
944
397
335
672
825
816
848
1
578
39
795
135
249
323
114
704
699
910
47
354
577
682
145
567
841
378
262
696
272
505
250
840
506
413
726
886
244
568
52
574
601
955
207
477
561
902
823
934
168
104
58
942
162
1000
70
601
964
46
154
94
126
417
245
806
372
294
854
964
620
129
458
514
330
692
836
912
934
889
335
361
719
61
679
444
153
187
182
403
122
33
450
28
475
347
667
130
186
243
827
623
276
338
526
376
735
326
104
149
741
599
718
875
612
687
276
24
59
254
158
835
799
527
266
973
124
603
202
608
247
904
160
434
1000
501
419
702
573
205
46
511
441
85
391
266
67
412
540
455
3
454
249
323
647
868
359
110
804
276
814
484
600
377
299
546
252
567
653
278
559
733
993
355
734
799
366
616
392
134
923
20
877
991
236
425
262
661
915
154
999
339
250
841
897
906
7
457
237
715
345
925
499
682
879
708
512
864
248
802
462
227
37
628
733
68
74
591
823
988
939
789
537
60
291
965
6
712
696
990
494
847
827
992
59
57
563
847
604
45
761
980
898
886
478
26
144
986
936
434
647
431
107
724
831
634
957
346
98
437
90
194
355
212
510
201
388
781
913
94
613
842
276
762
944
363
729
338
96
404
761
142
138
537
48
754
940
730
330
14
595
263
825
979
920
945
934
381
970
754
797
152
607
762
333
608
691
71
916
761
916
712
794
447
596
94
444
155
581
120
713
451
715
465
569
861
138
952
544
192
433
804
458
406
310
778
105
330
769
100
746
650
901
672
926
745
889
562
380
676
604
351
556
190
55
991
838
483
868
430
816
326
948
527
230
831
31
13
444
924
852
616
63
698
625
656
490
64
868
842
45
672
887
508
135
996
658
893
92
617
587
670
705
170
768
80
684
228
149
208
281
217
513
774
480
500
667
622
42
832
58
312
25
620
169
234
135
127
874
720
711
228
241
669
744
426
465
689
880
459
581
119
261
791
836
106
911
988
63
963
1
604
735
210
318
347
359
678
488
676
649
170
899
367
988
919
864
297
715
880
942
439
969
46
187
120
848
432
9
127
306
414
691
778
870
922
222
770
252
292
661
503
964
841
692
134
912
335
110
394
209
712
434
765
447
536
720
121
707
180
738
712
646
929
69
724
581
214
63
756
548
368
610
891
350
512
670
118
607
442
245
642
689
85
120
688
954
34
520
495
471
699
142
492
10
449
259
207
790
482
331
605
635
77
532
934
197
59
126
603
639
636
674
822
989
467
708
677
407
943
933
356
281
215
665
334
335
818
184
408
526
936
712
138
542
840
463
563
603
446
398
607
339
984
833
944
562
166
794
71
16
581
206
21
645
198
608
66
459
111
897
505
953
653
529
510
376
900
606
901
853
214
259
529
647
587
781
565
363
195
847
986
884
301
269
430
662
547
245
773
369
885
113
295
90
774
17
934
989
934
582
153
143
45
465
186
760
361
450
857
102
325
109
131
724
278
830
259
361
298
565
242
829
423
333
534
695
454
190
477
761
458
162
276
981
961
949
360
481
365
429
928
725
327
417
277
109
170
694
599
970
975
484
742
899
962
520
850
346
616
355
119
809
676
391
16
250
405
697
622
310
628
178
182
157
407
991
365
972
318
841
696
61
63
327
188
768
914
479
734
696
163
171
129
648
719
320
74
371
12
50
881
883
218
372
166
458
576
380
6
308
533
978
825
814
460
24
936
775
659
621
272
164
568
644
510
578
735
242
886
644
757
205
756
277
274
255
350
567
519
266
636
866
540
501
117
264
708
693
79
45
800
599
19
148
516
17
307
652
722
184
752
41
289
780
612
295
177
304
257
842
286
654
68
793
591
95
770
672
914
872
549
180
174
216
434
82
236
126
683
585
978
903
996
718
253
21
532
45
27
195
714
285
3
453
913
325
561
164
178
762
786
847
540
642
432
205
875
667
90
599
914
493
644
139
894
86
94
394
952
260
555
139
870
629
289
81
944
322
519
719
362
954
552
164
986
947
971
634
320
483
932
456
397
276
691
663
209
142
831
361
477
255
814
285
562
997
691
887
212
548
53
453
6
835
576
813
995
769
843
642
310
933
485
669
679
771
180
55
275
282
740
428
758
634
480
20
616
531
488
588
329
912
383
801
266
259
975
76
802
778
11
881
433
879
953
10
693
197
603
752
550
686
1
785
208
577
340
637
637
129
305
458
748
337
400
360
250
860
279
639
227
1
424
156
317
835
365
267
178
838
971
878
672
469
490
387
70
577
455
419
541
972
891
495
736
484
956
125
970
851
694
1
699
274
6
63
414
270
491
748
490
259
345
516
515
293
539
693
84
405
332
923
572
992
875
197
818
380
153
253
798
699
991
565
669
706
352
717
992
875
577
97
66
695
161
598
860
680
361
269
751
585
241
736
901
345
315
802
21
436
337
828
377
506
574
41
878
684
235
706
975
64
681
398
509
446
590
121
127
18
214
198
890
394
887
783
286
258
729
193
717
859
104
204
705
546
368
32
728
252
331
500
286
903
313
407
632
36
461
313
896
641
296
788
450
955
829
108
786
992
240
613
919
770
772
68
832
400
55
366
866
215
756
356
339
741
212
848
990
726
98
201
315
399
186
554
666
328
541
146
244
935
924
356
95
511
974
710
92
432
777
782
494
71
953
584
432
286
55
597
499
31
776
782
180
81
144
902
63
989
388
237
2
587
394
305
807
653
797
670
479
781
656
766
152
442
854
484
947
654
732
42
548
115
860
571
255
803
375
859
859
247
790
162
382
311
516
751
101
1
603
897
134
540
138
697
108
692
856
915
686
112
665
220
5
430
738
957
375
57
897
677
517
345
230
733
341
641
784
420
245
493
357
379
405
146
618
243
319
911
787
90
478
329
280
365
16
469
141
919
922
271
276
896
686
23
336
649
483
219
169
3
218
559
223
831
304
952
252
608
485
513
267
877
871
597
343
762
835
579
266
606
594
784
251
992
60
654
226
706
532
353
755
720
376
146
596
322
883
325
749
796
672
13
299
847
381
632
929
304
714
133
36
646
501
97
746
417
107
73
790
790
580
689
138
687
932
835
65
783
722
76
111
363
503
776
792
724
244
109
10
529
416
109
465
482
141
494
965
111
222
748
489
638
327
301
138
196
241
461
562
682
40
488
776
721
843
709
590
281
16
890
39
898
633
89
339
910
111
442
512
462
9
755
382
216
265
99
519
914
35
412
514
65
923
214
699
578
306
864
264
633
621
401
378
136
482
604
822
63
463
35
655
978
625
515
426
152
38
165
190
647
407
252
526
101
574
402
76
634
480
989
659
281
710
639
665
397
14
195
31
760
505
203
319
463
9
503
897
481
857
647
650
662
73
722
537
829
92
583
535
61
975
984
67
661
9
455
863
679
642
233
874
199
833
199
219
313
69
779
542
56
40
183
623
523
699
489
160
171
946
610
496
943
494
14
99
568
728
223
400
176
169
802
163
61
155
627
614
444
810
211
102
609
541
975
233
10
924
797
607
19
597
944
652
93
646
762
672
319
913
545
128
54
15
938
229
376
474
906
558
973
172
148
261
886
485
412
660
968
653
626
330
842
519
227
613
289
221
457
261
317
502
714
603
812
177
518
981
980
532
121
927
894
885
729
263
742
413
578
508
407
76
413
68
699
453
791
553
376
951
685
567
6
140
902
765
245
82
137
758
836
955
60
483
980
676
422
15
883
687
5
190
836
180
321
498
323
627
226
731
302
383
812
930
48
127
280
11
175
534
7
221
853
21
47
320
139
306
776
449
577
384
784
612
139
570
202
879
534
981
222
71
200
425
170
378
708
635
709
184
765
146
548
390
722
604
798
848
712
917
746
483
597
708
344
52
328
793
701
936
551
294
712
201
168
882
217
610
240
716
986
200
90
26
165
772
792
965
236
1
749
488
16
119
835
462
753
921
311
262
677
753
586
796
652
558
451
69
591
23
360
110
488
295
524
545
253
941
962
669
519
94
639
552
7
857
454
52
743
367
69
92
142
13
148
26
853
416
854
534
231
20
936
12
38
609
902
547
152
842
21
870
777
195
787
664
337
950
402
777
982
474
844
535
924
370
921
587
689
749
659
226
822
902
610
940
263
282
508
100
755
266
652
556
718
452
507
957
164
258
828
952
105
591
913
516
12
633
596
396
858
192
496
692
238
913
229
736
358
295
250
801
745
687
124
805
948
982
277
802
916
953
856
383
717
609
385
686
401
505
633
338
141
597
887
673
85
641
67
142
176
171
947
102
270
974
760
228
789
11
491
371
363
174
377
824
206
723
910
658
735
884
846
375
678
288
510
908
350
745
752
560
297
721
813
246
542
362
741
197
830
289
987
85
855
830
612
816
992
795
966
571
99
606
628
872
64
605
191
265
910
685
289
979
780
7
635
229
446
752
983
203
27
747
551
827
899
53
756
675
422
188
579
837
600
61
778
33
680
617
800
213
280
667
530
979
495
632
969
71
441
572
993
404
768
317
773
178
132
150
270
614
566
506
851
109
866
747
65
310
890
486
43
964
624
637
46
764
884
665
923
465
347
257
567
186
256
819
768
877
44
510
957
146
538
570
752
239
53
845
288
691
418
234
342
424
122
616
97
170
16
780
653
567
665
300
55
978
801
298
187
416
169
649
406
150
486
526
776
53
750
134
73
436
652
912
372
304
131
967
296
401
254
495
451
36
534
265
106
841
69
668
164
232
247
858
612
685
352
260
269
365
984
387
512
212
67
836
272
541
54
239
479
981
972
565
897
868
118
779
406
425
656
335
942
600
440
518
628
987
746
583
805
19
551
888
962
569
581
811
344
133
415
172
865
898
292
10
140
308
629
383
831
239
216
894
628
373
130
80
562
467
201
75
698
650
784
128
498
213
779
759
887
579
882
457
427
315
651
234
462
959
592
649
936
223
951
213
396
770
272
181
897
179
129
300
802
486
822
912
413
870
268
590
641
724
956
371
248
198
965
601
572
793
226
324
878
220
323
768
449
12
815
833
517
693
558
78
208
380
917
947
551
294
651
58
666
739
384
806
333
245
206
403
954
543
887
397
956
876
413
539
143
6
385
872
51
743
340
190
464
599
705
959
979
978
979
441
822
277
762
229
517
757
361
453
572
580
515
255
55
314
860
699
818
228
148
5
863
331
966
319
757
483
103
102
77
958
489
686
392
117
215
637
181
626
899
842
879
109
547
400
186
705
203
138
726
546
115
61
68
198
265
836
965
637
170
28
682
198
41
965
606
503
498
786
248
904
984
493
117
213
834
138
338
511
981
918
191
110
443
131
198
348
761
531
203
688
358
367
110
782
959
987
299
752
479
527
43
683
140
292
931
793
565
481
890
14
311
370
345
305
367
620
651
857
449
767
115
401
559
496
940
610
278
834
475
715
99
201
250
591
538
19
30
540
414
490
111
123
317
658
912
305
587
188
556
873
647
349
201
779
2
390
977
509
931
512
770
53
816
652
207
152
384
196
336
506
179
481
741
818
466
642
400
161
827
542
663
192
661
55
529
99
650
747
504
373
986
888
884
825
372
3
17
282
752
876
71
472
695
426
839
679
692
775
805
894
308
831
824
545
424
531
247
468
932
956
646
228
695
582
254
779
739
779
386
576
695
96
797
33
351
992
833
134
893
315
75
3
337
699
954
298
596
363
367
610
786
125
150
184
486
790
874
664
87
767
286
880
336
915
456
9
14
128
480
603
690
748
270
173
406
310
138
965
796
645
757
642
394
865
277
811
890
924
549
939
654
412
187
740
289
721
122
221
608
693
264
474
447
573
650
198
928
203
908
384
734
428
165
607
111
37
334
178
160
133
515
105
507
542
314
330
228
638
177
473
329
765
876
695
599
130
347
237
897
878
778
461
684
420
523
61
142
780
334
210
188
819
432
245
971
201
385
844
750
974
591
311
878
673
25
717
256
263
22
164
719
45
443
817
403
578
507
825
770
435
872
325
58
268
48
907
544
888
308
183
75
238
586
54
794
736
210
818
100
16
693
239
310
946
33
712
742
416
673
319
679
526
665
720
293
803
176
536
592
720
518
295
510
488
517
63
809
532
460
784
919
2
373
250
488
465
336
678
107
740
89
770
721
97
69
558
291
52
802
663
470
940
124
616
764
962
947
872
303
466
458
669
31
24
763
666
115
608
29
751
204
385
303
766
588
407
143
45
966
747
403
413
255
58
89
414
185
383
730
389
833
933
633
627
87
669
985
491
978
937
212
391
582
731
752
567
117
924
811
592
402
37
152
469
246
275
578
229
273
731
493
1000
890
826
212
639
18
935
316
959
850
912
368
650
925
470
910
58
607
86
214
794
789
980
619
484
847
606
634
160
584
162
912
416
958
477
960
373
125
98
377
772
702
539
221
803
836
494
774
683
831
351
636
929
113
94
970
340
814
685
670
181
17
33
502
46
450
754
232
353
244
152
778
206
906
684
721
400
753
152
197
796
128
676
664
423
260
894
55
820
160
637
49
607
218
482
661
296
417
484
993
199
762
798
885
592
426
527
213
827
30
566
789
356
470
872
239
794
104
136
408
173
848
329
16
465
285
251
888
58
959
847
574
58
660
161
564
158
995
793
751
834
992
862
739
892
149
496
748
796
545
296
967
326
850
862
183
728
783
871
947
742
464
281
692
