#seed = 202
79
966
30
455
447
318
381
477
259
457
253
646
573
395
87
25
194
169
985
591
175
805
333
346
217
766
216
191
257
760
339
545
157
723
918
619
108
298
992
170
906
731
731
917
105
230
829
562
361
491
81
254
446
277
476
48
999
765
755
50
439
204
905
349
868
96
623
745
549
786
436
990
601
754
660
873
370
720
237
686
153
752
916
775
651
897
366
686
448
962
571
733
228
385
44
767
406
242
997
10
47
184
78
316
397
595
235
655
93
894
172
675
998
267
62
902
770
806
304
266
424
827
130
995
708
420
840
435
713
779
620
581
293
905
193
554
514
65
276
99
788
443
405
211
126
224
156
464
863
615
542
7
19
347
6
305
276
65
368
69
919
785
65
867
595
784
754
874
83
503
731
31
597
677
149
588
299
900
544
360
687
434
675
152
612
558
905
490
375
260
384
609
236
567
734
754
717
514
348
722
493
628
340
498
27
653
695
128
130
457
71
227
677
576
603
746
608
176
241
226
762
600
373
667
982
417
344
757
464
563
228
788
453
393
323
565
731
850
288
772
567
861
525
852
718
272
883
498
507
85
225
854
951
10
347
230
799
555
35
497
791
238
253
45
580
979
765
118
896
302
699
756
606
315
54
151
684
996
15
498
545
985
628
849
196
101
597
672
500
513
419
345
422
224
724
897
369
327
780
417
614
222
981
116
770
814
655
65
717
449
402
551
541
321
536
383
164
86
720
123
161
80
797
258
458
37
885
740
447
255
493
640
569
725
386
864
281
989
34
845
973
811
897
133
445
888
759
965
388
265
959
397
650
907
531
207
558
304
75
290
377
25
460
369
997
992
589
692
341
233
732
728
750
693
87
776
435
722
839
743
894
234
455
568
242
677
778
908
878
134
18
615
172
240
293
176
23
355
250
67
891
247
138
349
102
427
449
83
300
907
171
776
536
908
291
921
966
772
23
558
751
83
591
399
227
896
805
616
154
986
230
195
758
924
590
969
520
235
482
764
387
71
903
620
798
804
448
796
202
12
132
48
947
322
430
446
268
493
54
333
267
176
269
142
756
410
438
70
993
79
359
350
646
746
71
583
74
765
17
685
10
135
703
303
280
56
426
767
417
740
733
156
157
146
954
242
935
343
236
659
11
220
907
524
647
121
446
590
362
724
267
456
490
658
978
686
658
193
952
672
688
927
583
8
300
91
522
9
732
662
141
169
428
693
403
956
531
654
626
829
657
613
858
64
37
930
819
937
715
560
731
675
890
364
662
814
700
888
168
632
270
483
854
895
559
79
755
568
694
439
830
895
708
659
73
691
336
802
780
421
553
970
440
765
206
294
135
921
409
613
376
627
315
851
402
558
65
662
86
429
747
367
54
664
589
187
92
604
487
446
299
13
695
235
138
490
287
353
79
462
856
13
872
118
565
8
772
220
557
470
528
671
520
690
62
533
818
505
928
78
278
250
42
894
858
30
6
398
16
809
744
231
364
517
881
989
361
88
738
868
871
58
246
82
679
149
842
217
103
128
625
766
776
802
551
275
996
64
743
5
342
211
736
507
722
289
266
844
139
78
286
339
995
174
724
786
341
842
310
568
222
613
786
177
938
954
213
496
755
740
570
467
933
353
513
195
645
892
829
303
423
558
726
332
550
112
989
723
62
503
14
471
197
724
535
825
720
919
471
594
139
663
706
316
144
305
345
645
697
947
566
345
384
900
861
756
163
106
398
33
757
975
790
937
639
280
269
51
614
499
907
348
46
565
452
308
813
862
531
661
938
618
322
456
587
52
839
462
510
256
762
351
655
446
770
579
689
678
264
955
336
468
772
635
330
202
171
94
62
540
946
822
900
924
324
54
300
82
367
606
195
848
869
435
584
776
751
40
189
626
891
181
233
501
934
482
954
81
156
840
584
871
284
604
12
998
665
969
639
955
955
513
111
540
813
103
476
689
39
508
633
87
635
949
902
722
572
613
139
455
635
124
934
771
132
508
37
644
477
475
872
10
462
994
5
720
411
977
135
357
183
20
568
314
67
566
819
864
692
345
199
199
547
440
894
269
45
337
332
713
699
745
426
491
788
341
105
378
390
419
644
441
827
68
551
327
624
726
884
977
89
81
372
310
984
566
714
600
941
839
579
82
839
975
186
18
761
775
304
852
832
274
688
984
336
126
729
73
989
872
924
59
727
106
37
416
639
187
207
15
167
331
400
626
622
385
548
699
865
988
821
498
669
458
439
709
304
544
266
205
743
519
817
225
514
919
223
889
860
259
833
16
855
312
566
967
980
27
524
298
576
127
708
770
986
751
485
766
192
870
934
718
634
536
917
558
950
981
509
804
418
98
980
478
585
491
962
507
748
873
845
748
74
708
666
334
242
149
678
631
733
555
66
322
97
24
53
105
471
590
267
686
702
164
779
374
513
855
447
834
539
471
412
603
323
263
345
890
482
544
21
162
569
267
209
555
48
561
588
883
313
473
245
730
43
788
339
274
699
209
761
121
556
64
909
789
527
381
135
267
110
780
943
652
970
691
607
397
292
352
880
697
720
959
488
701
286
784
232
152
586
700
516
588
220
338
540
213
490
722
320
101
481
444
32
490
66
766
568
629
184
737
619
968
616
767
303
843
490
699
974
370
996
164
565
967
918
87
453
95
224
425
254
260
991
518
83
223
222
360
9
863
857
600
978
411
493
74
806
519
764
192
409
454
381
166
583
381
751
589
227
224
53
606
551
907
757
572
94
663
931
958
701
903
827
200
360
981
948
846
34
446
695
877
100
863
351
445
566
3
274
118
291
330
501
21
702
31
551
420
971
614
780
908
881
960
385
439
475
780
671
806
165
964
504
572
428
249
415
117
822
460
884
407
217
987
85
395
768
244
736
312
543
528
300
445
615
439
24
952
421
812
963
7
853
716
555
970
413
905
929
283
412
853
793
252
185
678
759
804
967
341
885
645
822
786
593
573
181
799
179
750
931
647
644
404
294
835
418
715
242
393
257
275
731
818
588
113
30
278
992
19
113
559
377
103
195
14
477
664
198
933
711
175
977
466
319
210
586
309
708
595
585
191
611
240
487
607
257
402
405
178
492
316
817
461
808
826
484
218
422
787
183
397
463
93
51
130
910
420
375
965
923
150
12
694
987
438
341
159
277
987
578
155
840
484
76
636
736
794
851
353
647
530
42
787
912
877
236
386
902
414
648
288
603
744
96
882
78
873
824
655
515
103
697
30
494
166
629
336
930
755
229
63
4
311
454
154
613
515
714
870
924
677
466
314
89
349
617
759
742
622
812
482
369
4
934
296
524
126
808
909
325
312
133
808
88
841
828
566
131
795
167
666
258
996
680
22
457
736
498
505
400
753
149
909
488
420
908
459
652
17
809
710
115
391
161
856
721
761
697
709
837
441
751
234
350
24
750
497
542
143
209
941
168
869
712
116
798
133
176
501
971
714
933
159
496
842
411
964
658
93
914
737
192
857
136
139
234
76
848
175
549
748
480
701
899
190
680
170
679
689
998
785
438
214
471
926
321
911
944
31
135
457
802
7
823
119
748
87
500
884
243
227
561
405
844
247
683
496
137
476
46
949
338
691
31
576
451
253
977
432
924
629
828
607
366
114
695
150
576
532
286
997
249
778
303
940
248
358
966
480
992
814
176
301
679
520
476
245
30
529
949
298
330
562
293
886
265
567
708
572
104
469
814
426
649
440
378
878
266
574
46
386
872
739
424
701
371
930
848
472
202
421
785
177
824
2
342
679
550
10
329
379
688
318
598
184
500
512
759
511
68
123
449
873
637
40
283
865
896
671
150
301
590
534
504
217
712
953
83
968
60
430
546
873
307
131
956
290
704
375
345
91
955
738
961
113
923
257
684
157
971
66
740
657
763
408
878
62
479
347
488
717
100
864
260
896
927
345
563
796
904
840
773
542
875
365
540
871
191
385
936
165
159
143
757
807
183
558
465
20
472
357
553
49
836
252
699
325
470
154
990
635
264
585
998
420
144
122
68
702
620
461
74
788
370
114
588
523
732
989
898
375
337
746
466
624
39
269
922
628
996
676
779
2
460
59
425
744
693
268
743
82
46
737
623
144
982
31
287
506
217
913
71
907
716
790
959
447
426
720
886
913
719
602
541
694
601
21
513
656
687
999
960
232
858
512
531
795
984
74
833
79
343
941
460
907
350
885
892
521
399
313
466
400
345
176
896
626
730
425
283
662
906
559
882
347
875
79
217
451
148
848
590
871
188
262
668
53
795
19
206
402
748
883
635
197
967
962
439
234
188
628
539
416
202
648
107
176
781
266
149
874
677
900
905
933
331
624
844
715
775
284
399
431
100
947
836
924
741
988
952
483
202
617
44
600
314
79
302
410
356
36
68
485
673
178
552
254
768
782
71
594
565
309
252
563
796
981
274
400
887
683
174
400
815
662
826
827
168
502
702
773
205
802
202
600
586
430
238
485
720
997
930
678
362
969
201
995
519
396
48
295
649
241
285
798
626
340
619
54
230
795
641
926
523
680
722
471
788
948
623
878
286
457
736
875
682
780
603
218
529
653
907
427
630
28
545
296
36
346
536
3
240
681
58
897
418
217
896
78
317
128
519
790
166
509
358
733
985
514
876
981
654
939
382
218
219
703
342
235
323
18
543
759
4
732
509
552
142
658
130
89
544
447
410
224
228
654
896
16
386
87
721
383
515
4
62
366
796
846
48
298
626
73
100
365
716
424
918
898
132
31
401
556
784
307
636
873
621
992
289
776
3
191
807
412
523
17
783
916
492
661
875
321
342
162
354
947
598
570
897
888
647
827
539
610
906
418
601
676
660
246
605
985
326
791
696
673
114
465
660
144
625
953
355
813
497
586
350
540
188
100
386
296
404
747
892
193
986
631
349
821
445
485
441
606
120
897
138
961
684
726
337
238
325
700
468
657
177
949
707
275
282
692
509
629
453
146
591
3
779
310
220
489
549
769
353
581
812
971
295
920
590
853
483
802
789
964
874
121
577
190
798
854
422
757
174
212
816
789
401
501
371
460
763
219
895
141
216
952
816
416
341
251
387
746
798
448
653
516
610
218
814
466
986
551
498
315
817
448
248
248
622
708
396
491
428
672
951
254
986
445
822
124
638
758
64
56
565
268
760
264
998
255
307
685
644
459
491
10
186
118
874
887
224
290
387
641
172
419
465
335
724
350
83
875
992
779
399
364
477
41
299
404
99
389
620
2
952
783
565
63
157
561
841
453
638
804
99
728
951
720
218
677
794
160
723
842
134
872
910
801
889
213
667
660
189
71
285
286
641
901
236
716
998
205
657
183
114
926
18
918
362
796
557
340
31
991
385
187
571
633
680
228
405
474
769
957
185
146
915
821
763
138
715
215
609
79
678
104
504
316
914
822
711
970
710
208
552
383
155
588
381
657
426
337
599
949
708
826
521
953
352
274
459
762
807
90
674
498
444
149
805
105
864
253
571
551
586
612
656
20
163
624
359
292
446
955
648
747
766
782
554
504
635
738
156
521
740
459
974
923
816
170
629
851
208
613
779
214
476
477
540
882
230
259
172
287
459
207
823
758
317
775
361
244
357
905
844
170
662
798
15
509
845
114
627
701
557
404
377
492
472
46
991
964
727
489
410
525
962
241
934
715
331
616
944
176
76
258
348
947
497
965
122
476
560
754
787
786
621
844
418
228
82
764
654
432
236
727
628
307
896
221
465
14
156
190
901
353
3
586
42
510
984
5
900
173
836
462
611
592
202
427
483
194
687
979
277
153
127
759
574
716
778
702
197
90
718
515
954
658
790
381
34
649
672
307
799
435
365
114
228
81
73
236
334
211
826
39
6
34
69
279
724
828
123
400
445
693
459
717
725
191
906
150
191
398
445
186
656
571
175
873
220
42
430
83
721
130
159
971
248
968
330
746
754
176
704
513
390
930
416
607
832
301
98
562
62
626
763
70
444
584
247
399
615
175
460
229
774
435
498
907
157
279
649
636
492
883
36
315
724
564
793
412
993
455
858
261
922
978
157
459
285
502
919
402
344
412
904
804
611
243
440
37
585
556
856
449
342
354
514
19
146
865
906
643
522
522
510
698
664
280
425
597
633
818
509
204
124
445
726
230
11
917
604
595
833
801
289
509
484
504
969
964
364
923
334
925
1
945
411
862
163
721
961
160
706
623
957
953
846
246
314
982
705
198
603
850
385
378
137
341
250
26
154
603
703
360
739
983
105
160
716
204
248
81
625
361
558
506
34
15
747
923
904
888
915
185
7
365
804
109
931
611
388
602
187
988
623
666
995
406
781
20
965
410
682
139
87
659
343
198
48
424
679
679
291
704
564
539
118
553
431
565
381
413
982
215
511
474
215
822
882
676
187
752
531
881
510
29
413
649
51
223
827
48
917
168
897
754
911
127
83
970
661
166
289
518
724
226
691
618
652
792
686
871
190
689
881
552
8
874
497
857
957
58
183
405
961
536
228
978
514
705
579
83
491
587
996
618
434
377
849
952
89
924
273
506
818
66
411
169
51
261
596
351
592
291
433
529
336
517
696
437
136
286
729
601
812
802
666
317
636
856
231
415
411
302
865
993
330
943
741
17
795
820
197
21
162
884
156
800
269
265
131
590
565
129
809
808
525
429
335
92
438
330
464
428
61
705
984
361
588
605
172
484
309
513
39
168
398
443
13
232
781
833
47
793
805
534
447
811
201
353
510
241
357
891
889
450
788
579
562
876
171
727
827
285
925
41
109
269
512
340
390
355
892
209
153
34
988
962
704
671
341
851
940
586
443
72
181
943
179
310
5
344
835
266
30
944
950
16
812
639
419
138
277
757
405
525
781
901
902
841
126
696
476
669
821
786
173
476
912
109
983
112
923
728
440
281
426
3
692
186
264
874
765
825
37
795
941
777
383
70
351
702
576
361
683
916
525
349
528
779
238
504
291
211
129
23
214
313
145
944
84
787
724
706
441
342
691
489
7
529
714
26
723
765
599
231
773
619
471
335
774
698
524
853
268
348
595
812
361
453
665
316
786
703
142
467
683
84
578
539
376
481
787
427
982
146
409
685
415
136
281
84
908
157
557
248
502
880
316
776
429
617
542
50
777
938
832
673
311
775
286
988
923
796
750
823
388
810
409
281
117
766
141
233
391
350
237
501
788
593
498
888
190
810
2
271
246
247
751
273
65
836
499
953
53
872
887
417
825
145
83
749
786
641
32
473
537
308
913
231
594
724
399
745
872
51
123
583
36
548
607
958
917
119
630
589
417
751
954
125
913
338
380
573
674
156
461
343
208
360
835
755
493
36
40
805
959
72
989
269
264
371
379
492
239
266
666
942
572
926
226
928
24
25
103
614
82
621
890
489
614
152
265
708
553
399
273
362
936
902
10
918
549
450
273
807
539
779
579
213
337
954
180
620
490
738
560
716
38
870
481
354
145
855
455
120
121
184
61
947
949
104
416
886
136
347
259
3
109
718
877
681
37
989
756
863
307
219
699
307
17
380
951
399
180
642
463
568
217
811
130
949
827
203
546
73
853
275
982
580
945
630
661
380
443
788
974
867
440
285
373
110
304
531
928
698
978
236
503
499
543
3
874
706
902
522
76
18
663
142
733
223
171
711
62
27
896
35
949
198
803
574
33
538
318
71
647
65
41
130
394
267
276
949
418
943
651
858
699
533
890
360
846
350
327
894
948
9
888
542
671
395
17
73
387
82
120
436
849
494
4
415
213
933
87
526
621
217
972
510
674
8
739
309
803
39
386
814
956
780
118
848
654
63
839
635
416
403
233
454
323
303
894
871
515
196
745
72
305
979
454
498
893
725
950
25
177
949
518
708
785
205
310
271
822
244
487
935
882
921
998
185
758
183
741
247
920
429
249
176
16
489
166
195
760
672
286
192
524
84
776
539
527
915
853
998
621
504
230
297
799
768
242
513
833
427
76
274
584
796
488
362
407
399
782
788
992
959
511
302
399
393
101
295
962
824
199
816
181
589
105
78
851
299
186
337
95
997
903
821
15
821
837
546
58
721
355
402
824
67
550
934
912
902
423
685
775
377
143
946
244
801
74
561
713
783
145
983
875
418
154
411
610
395
522
636
484
44
546
808
844
427
543
334
761
809
155
888
89
193
106
673
484
111
663
63
36
71
100
925
138
231
144
544
588
474
971
196
242
610
661
498
993
465
269
216
927
396
126
357
36
725
699
855
665
115
42
603
923
968
191
904
1000
951
559
905
58
440
357
69
345
353
754
885
554
274
933
281
13
741
138
79
885
505
590
297
425
442
353
266
463
526
76
117
648
22
746
665
551
919
291
957
514
492
932
268
707
762
202
789
257
767
388
834
199
512
601
107
230
806
351
55
14
36
690
270
415
88
301
269
23
923
131
246
308
327
910
340
144
172
369
600
413
791
857
971
966
247
557
449
861
357
191
30
651
951
35
720
66
849
484
832
806
82
134
910
650
118
246
288
950
277
709
630
662
543
851
765
294
402
681
695
418
74
991
12
706
851
436
695
531
126
883
854
968
790
474
247
935
342
511
252
952
105
371
771
872
797
176
357
484
884
319
913
905
401
593
308
264
228
240
670
510
841
950
844
146
739
915
454
384
681
276
973
282
579
406
411
46
227
99
918
779
666
859
866
285
46
819
378
312
189
915
651
521
176
321
774
319
15
468
871
73
749
971
438
817
936
219
994
78
63
759
45
271
816
514
480
763
253
328
987
502
106
546
249
510
806
193
686
60
340
538
518
861
61
967
780
656
571
382
67
978
972
562
437
301
945
55
389
55
242
556
995
695
705
721
611
514
719
352
378
75
766
688
311
706
461
707
226
355
905
402
556
471
550
7
450
8
66
591
439
253
178
675
708
629
924
691
207
937
656
859
694
986
515
194
806
402
969
13
428
30
30
915
799
121
642
561
824
916
399
238
672
496
544
808
268
30
631
293
399
870
475
326
893
229
845
926
439
826
373
424
15
974
22
366
594
595
90
974
157
541
883
663
677
758
216
497
311
134
168
658
696
743
557
605
875
654
728
598
421
661
190
720
926
846
628
575
815
394
956
681
730
216
51
918
850
689
422
545
72
999
921
39
215
894
75
429
181
203
962
470
710
457
478
425
638
562
141
497
283
546
994
782
741
232
899
752
699
270
806
524
827
135
606
552
982
832
296
232
198
271
724
363
52
632
323
7
914
575
588
56
506
527
194
632
345
425
174
377
436
112
788
830
605
129
708
959
458
289
112
211
498
150
821
56
629
55
112
134
223
440
182
633
832
445
96
5
339
151
553
772
313
989
861
3
161
74
735
619
191
324
543
803
382
869
887
714
363
978
73
442
976
73
479
512
17
39
702
808
366
463
991
630
821
703
699
639
356
53
987
998
632
46
282
282
85
455
111
156
123
301
890
767
545
462
626
40
496
466
233
965
55
492
669
354
710
667
100
750
497
478
731
468
147
140
691
606
364
784
625
635
353
859
704
369
399
196
860
862
539
322
414
616
681
755
999
125
567
765
731
364
140
729
244
82
291
783
608
961
94
669
816
163
833
25
133
436
717
206
609
933
693
731
63
589
464
942
873
298
331
736
412
981
858
994
18
860
707
198
300
561
672
824
553
103
927
35
503
468
959
680
789
186
465
745
2
616
745
763
142
294
319
794
860
750
702
174
312
5
113
635
466
496
653
431
383
908
959
941
681
701
546
542
3
920
893
567
130
229
679
29
579
580
176
645
661
537
341
576
99
393
951
476
161
540
249
814
943
821
724
922
471
412
561
989
287
732
451
906
116
568
982
441
307
961
928
270
957
979
410
917
830
342
378
587
282
247
729
823
101
966
132
224
325
443
273
648
815
578
208
222
146
701
83
618
179
977
84
345
814
240
201
984
303
885
510
28
514
359
64
344
845
516
625
577
199
487
197
259
85
373
448
623
401
152
562
180
623
830
536
657
198
972
791
141
863
396
167
485
22
319
555
684
906
299
441
474
26
180
698
459
317
193
111
248
534
814
277
19
675
487
280
747
984
300
504
848
437
415
825
224
937
922
165
200
649
910
646
110
145
543
59
83
557
379
241
654
572
193
507
731
186
718
519
667
33
466
54
669
3
705
360
490
719
678
74
919
525
786
309
235
647
938
276
743
511
519
250
741
183
454
933
721
921
191
827
557
731
27
439
353
654
991
648
239
788
982
351
525
91
130
211
667
922
83
674
220
991
168
598
865
899
145
241
41
827
808
871
381
820
780
743
991
49
157
13
27
548
262
191
694
759
691
162
19
405
628
592
548
19
858
232
606
868
423
915
677
141
258
238
790
222
935
505
716
986
773
882
169
867
865
463
366
292
153
742
199
461
978
547
205
653
842
742
71
511
850
989
691
315
763
789
149
919
258
193
10
234
910
533
943
414
509
690
34
151
966
829
298
540
386
870
283
545
772
26
209
590
103
310
150
944
159
217
22
714
871
940
151
32
450
800
999
39
61
172
837
172
505
650
674
824
94
61
296
220
763
626
80
7
899
791
506
1
161
948
781
803
380
845
598
894
397
177
341
964
53
10
28
447
4
577
113
716
244
621
394
778
748
216
824
301
824
726
180
770
854
739
901
887
179
376
476
25
44
818
239
768
713
447
722
835
771
741
84
483
879
1
844
679
266
873
68
580
804
671
174
494
425
666
916
376
266
42
172
756
123
48
623
591
781
992
299
436
651
796
534
683
826
686
331
782
786
929
569
584
297
445
606
27
943
509
812
500
532
510
138
284
173
423
19
214
437
928
459
344
176
88
13
264
163
631
769
988
463
228
331
158
597
884
24
834
379
240
794
206
316
113
474
733
134
827
140
271
941
827
446
889
197
446
395
508
308
648
636
77
190
510
566
448
858
592
767
658
618
734
913
258
800
574
457
162
267
592
897
592
641
102
281
635
855
563
229
605
467
38
112
444
730
379
654
700
174
558
879
285
415
53
47
372
891
938
570
848
592
297
301
851
381
980
991
220
561
337
335
53
883
164
143
742
328
326
350
181
27
418
580
511
639
648
926
528
360
72
481
675
304
540
483
742
461
858
21
174
23
581
428
514
88
687
975
414
628
877
475
463
959
119
602
685
870
26
755
874
421
964
98
390
768
436
160
957
589
555
581
597
47
683
298
623
485
386
187
785
897
378
609
430
333
697
70
27
167
48
50
791
901
595
642
214
667
444
72
722
258
948
125
279
722
462
299
8
520
937
608
691
971
83
28
526
536
453
723
125
662
439
302
546
268
600
556
719
550
521
54
394
294
503
169
845
119
860
108
682
604
225
32
72
855
762
