#seed = 606
924
305
433
186
577
310
289
936
77
912
473
102
524
645
283
254
556
161
70
878
161
468
471
796
685
384
163
400
356
266
752
862
286
850
884
198
22
960
501
58
191
725
927
964
151
763
428
377
923
186
965
269
953
777
47
476
405
93
73
354
571
72
706
929
99
489
175
685
675
187
274
693
806
325
782
167
338
991
735
672
800
35
406
296
964
775
122
230
412
638
274
933
197
877
743
746
744
65
615
17
604
842
812
51
341
36
411
726
555
939
7
817
485
608
606
907
668
604
92
719
492
583
203
573
517
222
60
424
464
191
279
855
69
362
455
931
577
270
73
4
60
772
66
368
128
268
968
953
62
603
833
218
531
262
448
486
80
605
438
325
247
150
932
627
545
317
935
582
380
166
181
605
370
287
923
864
341
756
57
456
854
560
165
155
773
140
500
971
466
616
639
461
354
172
34
617
61
529
616
67
780
80
570
612
969
126
990
509
798
708
804
610
399
319
564
615
916
824
891
866
862
978
885
332
667
274
828
413
797
616
430
963
316
26
29
895
612
647
791
732
745
335
766
788
887
316
314
945
942
396
794
205
738
990
850
895
400
967
111
907
757
392
165
732
609
550
593
336
176
213
594
376
1
362
322
987
616
996
667
574
654
989
245
914
488
835
852
201
453
981
318
950
184
876
673
209
334
569
99
556
857
85
900
478
947
952
165
265
751
873
36
801
65
103
999
931
421
210
334
591
236
265
461
732
812
801
487
215
415
214
502
320
747
849
255
97
826
174
27
339
887
1
191
926
145
501
253
605
13
304
467
612
267
846
329
344
907
905
425
297
848
2
103
190
226
38
168
69
786
472
159
53
502
23
793
114
420
452
642
356
555
226
593
253
997
658
774
661
986
497
484
884
814
833
130
707
377
993
107
535
663
954
941
707
678
631
687
592
165
247
867
884
429
635
67
493
823
102
375
936
548
918
365
627
532
902
98
627
166
205
484
906
670
279
2
488
12
317
523
533
673
67
483
185
765
783
708
816
796
897
137
645
959
323
870
394
462
206
307
569
691
910
431
203
882
435
57
666
924
766
282
436
547
420
615
999
272
994
250
451
696
285
967
233
53
668
652
158
784
605
874
787
852
920
377
365
407
508
912
276
666
652
161
266
415
94
762
993
969
960
496
457
511
711
78
982
355
253
124
642
39
718
307
988
743
239
892
972
169
220
696
697
849
29
666
906
9
404
657
101
326
477
314
7
278
274
466
377
205
466
176
699
582
494
153
687
798
272
285
493
837
544
583
727
686
412
843
128
806
771
751
461
249
702
748
400
31
939
294
477
846
368
606
500
553
496
601
802
86
573
97
219
734
67
777
408
325
917
278
360
73
758
385
759
591
381
73
384
769
470
614
952
835
785
344
513
477
626
854
527
483
844
410
675
360
314
457
25
490
580
201
24
478
754
123
813
860
424
159
100
813
878
567
69
649
715
748
239
501
262
588
163
209
352
422
8
360
121
300
486
216
189
582
129
770
339
64
676
275
34
825
31
601
600
860
287
73
697
804
785
325
376
817
171
140
357
343
206
633
963
117
347
301
653
979
929
463
996
324
520
442
831
803
638
760
184
730
516
338
919
286
92
881
69
14
465
423
319
338
650
191
453
497
44
915
118
674
827
915
402
492
789
531
948
401
884
366
481
181
22
727
465
413
107
350
649
546
706
95
51
612
487
918
27
491
301
975
334
913
324
922
705
124
383
859
699
527
966
847
744
1000
603
635
292
276
554
999
96
575
769
72
947
768
882
667
40
784
746
452
408
27
479
702
140
879
162
326
530
193
358
304
1
464
701
411
642
777
710
400
701
105
860
549
981
25
14
17
577
315
870
440
568
171
225
893
344
809
594
767
51
547
531
532
519
760
601
691
785
559
362
950
37
917
510
596
660
821
79
316
314
737
327
565
562
31
309
203
129
568
499
3
540
386
86
112
239
156
755
406
300
49
483
652
227
630
923
983
340
38
98
681
926
214
679
400
59
706
327
498
122
669
344
798
528
136
701
550
421
778
943
698
631
485
732
486
477
313
446
915
729
442
370
682
18
573
492
388
685
456
92
80
576
198
863
276
852
914
492
196
148
235
216
905
246
702
729
816
844
514
740
403
871
684
444
885
242
282
464
895
478
221
567
864
519
791
826
193
498
572
806
446
329
814
268
1000
5
24
455
791
815
244
186
725
435
272
731
238
641
594
16
883
969
220
772
918
242
964
126
664
320
410
703
774
32
620
342
98
729
31
657
134
168
683
818
43
71
353
580
199
76
401
160
125
514
51
792
207
486
943
551
102
728
417
140
658
964
364
217
229
548
255
260
169
108
484
673
2
785
405
458
726
983
258
468
465
725
733
991
166
679
719
162
607
960
43
488
189
754
24
387
307
532
220
611
405
470
203
139
726
724
607
17
343
509
937
496
595
903
198
92
823
912
494
881
863
435
989
183
59
262
388
302
537
204
946
139
237
763
923
180
715
36
195
198
716
579
980
432
254
698
730
819
174
158
936
56
194
869
692
750
537
747
133
111
371
96
613
438
453
119
601
32
980
277
429
452
731
500
532
959
112
244
789
48
104
349
946
517
67
187
706
673
626
422
822
227
965
620
929
531
137
22
472
675
966
700
369
599
655
982
783
403
123
808
491
464
376
736
639
483
927
647
501
50
866
394
340
676
826
549
954
547
390
875
421
872
285
555
563
156
452
858
737
271
347
618
936
135
706
540
612
270
602
959
439
751
854
516
651
879
143
53
796
125
319
66
3
877
477
296
767
111
303
63
285
542
174
806
913
240
259
525
773
849
743
958
286
812
512
160
102
967
712
298
187
394
496
745
135
532
473
662
649
2
803
767
216
709
774
872
672
959
630
678
157
961
956
328
84
868
143
306
481
530
433
999
507
568
517
274
492
211
199
17
637
803
372
119
814
745
376
381
82
680
847
412
313
731
603
833
263
723
644
501
785
139
517
536
168
474
307
162
927
444
281
165
567
918
214
282
209
580
584
63
683
312
266
514
796
17
137
349
633
638
148
78
738
5
562
625
855
389
301
964
427
388
380
415
491
406
966
646
568
867
698
748
287
747
316
917
514
496
922
297
984
768
956
464
263
238
274
654
586
524
79
661
965
279
683
121
861
551
135
276
613
602
266
919
371
652
8
33
73
604
689
871
31
734
640
232
469
648
530
172
302
292
990
713
425
425
540
889
521
894
454
379
212
269
971
228
769
63
242
90
202
377
156
141
425
99
746
834
175
329
269
629
608
96
405
531
474
838
329
194
611
198
373
517
322
199
642
103
110
729
119
739
68
43
197
238
12
867
968
298
714
723
129
207
570
844
376
336
164
458
879
552
744
52
490
135
267
566
667
901
495
589
98
73
784
158
889
190
267
3
429
203
457
411
616
909
273
229
332
372
124
905
234
391
978
235
96
436
674
829
865
504
430
783
519
503
221
14
179
481
82
150
509
450
433
205
967
611
594
894
707
322
534
582
613
539
534
183
604
321
171
407
714
174
793
148
322
346
772
70
649
843
748
841
549
530
669
493
194
622
911
204
971
863
933
311
206
472
193
869
224
978
20
329
152
730
506
55
424
382
252
308
253
905
639
551
551
832
106
951
516
952
398
250
992
287
630
550
615
995
837
608
450
770
446
640
208
856
599
517
588
711
567
362
932
406
662
540
10
152
756
447
691
991
57
684
92
149
476
265
253
807
631
861
326
598
751
134
21
812
162
857
362
936
105
397
370
637
725
133
615
421
78
720
961
589
822
807
101
342
539
674
571
616
340
143
870
906
635
560
461
842
913
776
806
645
855
370
26
620
904
5
612
164
844
608
667
16
455
646
142
541
665
942
535
194
686
986
296
938
589
442
82
879
134
501
285
516
453
363
98
799
267
393
220
465
683
873
68
339
866
350
956
672
463
753
747
161
803
11
671
513
50
720
369
829
927
868
458
175
278
205
268
768
882
548
163
903
535
105
178
67
338
754
129
616
140
935
708
713
13
637
136
643
485
606
686
386
950
898
466
819
462
748
981
580
705
858
566
763
475
162
567
938
298
670
451
20
562
508
78
359
410
669
509
726
427
832
157
713
657
890
535
107
186
299
448
24
540
712
135
153
875
281
312
734
360
351
414
446
757
76
181
614
172
814
396
516
792
129
481
374
427
720
375
996
126
496
347
535
471
361
588
396
173
898
489
937
119
728
708
91
10
571
644
58
217
429
144
273
551
567
159
477
840
769
637
314
597
382
80
381
590
826
953
801
10
553
285
953
354
718
59
279
620
356
448
927
996
492
486
211
932
876
355
3
907
120
758
272
852
392
140
478
325
870
465
772
8
682
722
697
47
4
694
325
376
853
701
249
976
458
849
644
380
526
633
178
386
322
741
851
422
436
387
830
769
762
175
872
555
601
450
277
737
590
210
834
690
872
175
52
219
496
589
504
42
543
757
448
696
306
94
343
264
172
665
305
716
121
82
530
150
42
882
50
164
185
481
361
93
362
273
988
928
341
838
148
907
916
530
248
217
517
821
63
893
149
449
868
891
959
907
118
254
456
974
874
844
888
857
159
285
976
945
30
562
690
145
228
931
505
461
966
769
902
679
816
26
436
128
74
642
273
480
711
983
225
633
227
517
232
45
640
7
636
305
413
927
381
505
972
405
346
130
6
484
705
150
878
674
107
610
798
526
658
804
354
827
871
672
679
699
708
394
863
871
691
573
61
242
377
298
655
430
947
69
797
678
291
729
380
466
231
267
287
545
534
147
594
353
480
791
236
938
705
811
802
88
545
835
666
471
155
969
298
457
272
529
141
523
951
393
31
350
708
150
302
688
98
474
341
323
174
458
517
638
282
668
682
735
394
629
896
226
910
200
905
939
588
3
572
847
98
636
418
112
901
713
856
232
881
820
989
917
910
469
671
827
947
809
998
95
441
329
148
759
991
893
703
327
133
503
693
310
495
965
595
527
888
574
730
523
928
733
702
564
516
347
724
197
737
839
592
653
700
329
480
162
320
932
561
898
101
425
932
188
170
432
412
13
736
498
806
943
450
418
837
916
988
593
962
144
183
457
173
108
790
913
914
375
232
807
938
927
106
877
413
589
664
178
377
38
456
992
442
934
228
997
110
440
202
139
795
912
937
75
552
985
618
879
981
570
105
628
903
155
846
702
812
333
68
981
319
984
638
542
761
270
249
725
445
156
234
989
957
665
284
242
254
375
597
589
805
287
655
95
852
953
470
153
222
152
995
960
810
924
396
406
223
793
445
715
141
933
167
899
891
735
715
232
795
219
612
440
142
890
678
986
941
318
223
610
941
371
280
620
806
752
711
629
232
581
261
980
851
95
143
424
57
559
987
563
850
720
761
700
724
999
499
195
109
973
595
61
391
88
79
767
46
456
379
151
553
285
836
525
338
421
724
49
548
251
535
615
40
891
41
757
492
202
930
805
577
595
175
221
191
900
941
116
911
439
700
127
524
708
39
850
583
108
860
50
910
352
836
710
377
456
728
910
73
79
469
716
228
204
422
711
473
587
918
351
556
242
486
2
87
48
41
869
486
287
569
142
469
618
661
942
256
658
234
588
278
747
963
669
467
323
718
279
601
2
764
244
635
116
397
141
549
716
982
836
211
43
464
331
428
38
982
170
466
77
315
795
721
192
477
459
74
604
226
321
420
19
773
328
53
186
597
561
162
643
235
322
905
395
53
779
655
78
828
583
163
630
102
111
93
115
713
18
957
924
677
617
668
356
989
462
433
223
906
293
202
355
347
19
508
316
524
475
954
976
434
24
678
945
545
812
215
632
579
758
423
591
29
842
631
263
463
771
673
360
343
716
746
223
235
788
490
177
665
87
17
550
645
289
352
33
559
877
985
652
517
4
108
376
332
649
432
441
191
9
442
600
634
465
356
899
814
111
949
287
560
610
809
710
552
486
85
747
643
895
513
649
894
631
738
604
184
450
435
663
738
62
367
788
213
609
766
819
880
139
538
634
477
930
740
426
495
307
672
714
378
446
610
820
367
387
523
526
979
25
884
187
947
518
741
320
973
104
115
587
614
849
44
533
772
857
576
456
359
477
398
171
697
606
183
450
902
533
44
290
858
114
535
723
286
963
800
847
383
633
591
839
851
103
312
540
96
212
16
290
355
999
874
217
962
466
871
429
839
808
896
198
49
536
49
234
224
827
643
245
469
26
926
875
572
632
250
452
623
734
824
686
216
990
138
81
474
720
155
51
356
200
988
955
548
312
556
939
52
881
435
871
700
165
884
179
692
320
989
329
699
501
932
182
225
661
528
878
21
426
488
118
524
969
252
280
255
998
102
868
279
177
300
505
24
663
14
3
703
500
486
606
449
243
976
792
362
480
232
365
263
380
787
108
696
768
243
919
741
557
554
136
764
816
498
678
989
379
150
543
690
350
457
471
398
213
329
199
472
427
727
369
52
316
870
112
838
88
678
948
828
339
980
706
352
441
1000
59
542
575
314
827
544
428
921
145
572
207
98
255
302
706
361
695
159
868
503
829
82
437
281
732
495
754
552
304
966
160
178
811
505
925
821
139
726
370
27
72
96
765
271
283
681
570
890
858
662
857
857
585
687
84
87
42
489
247
675
157
554
194
710
994
369
690
435
915
815
947
667
791
966
826
940
665
988
358
973
791
491
687
632
150
633
175
357
715
327
190
175
765
425
761
886
422
769
802
384
767
791
186
60
595
793
635
613
596
931
467
47
250
460
578
305
186
277
20
831
651
158
490
18
628
94
531
198
88
342
233
769
740
275
902
35
975
255
492
254
184
267
363
619
654
875
750
622
8
398
503
464
757
680
777
951
997
398
956
516
991
845
506
128
284
847
872
908
224
803
529
763
129
119
884
998
407
205
678
877
284
720
66
229
421
506
981
802
54
819
446
642
108
64
378
515
412
213
846
354
641
264
925
425
35
596
634
684
114
758
287
945
393
712
19
81
912
224
163
823
810
156
399
228
254
292
901
557
328
867
547
714
303
988
669
19
658
5
15
193
515
930
229
934
605
321
758
10
618
142
30
683
101
731
634
440
607
885
175
82
293
477
387
807
678
185
405
437
730
15
609
248
133
765
267
896
155
232
365
361
86
848
388
688
51
76
276
247
171
439
75
254
501
638
595
423
744
156
601
147
775
117
587
53
533
267
103
907
663
704
190
717
553
929
239
884
400
755
696
776
751
646
615
933
902
842
46
19
76
193
85
89
797
331
121
990
878
304
131
619
877
286
276
408
510
143
692
618
8
637
658
461
495
637
333
828
26
510
216
458
124
716
788
956
368
566
832
629
677
632
812
365
625
573
643
271
578
756
463
222
927
622
358
19
534
730
377
405
110
405
726
126
300
497
451
902
828
569
523
527
253
86
622
84
447
321
312
470
192
214
179
276
537
393
832
342
264
119
393
950
343
132
762
964
321
300
998
293
885
832
662
799
811
784
204
860
507
663
470
256
877
271
990
632
475
866
557
921
186
386
80
786
768
294
451
832
511
833
409
988
383
736
558
250
690
24
756
281
465
82
497
210
516
692
858
374
343
197
600
777
736
133
41
773
948
623
282
957
497
892
432
847
526
404
814
452
991
835
776
815
869
383
77
655
98
234
980
723
794
176
838
265
861
957
897
604
825
124
12
248
220
632
270
538
455
41
482
24
909
758
533
378
747
585
167
20
979
371
775
802
576
540
665
463
814
919
555
793
921
480
214
628
147
275
872
265
36
682
254
459
681
691
302
903
887
884
994
909
913
724
113
479
950
631
607
708
518
677
933
882
674
183
884
534
635
695
954
929
10
484
55
905
887
727
321
392
798
117
379
118
907
632
588
718
590
948
404
559
153
316
241
89
775
630
464
434
607
394
400
484
237
554
799
381
178
174
216
459
874
879
28
178
771
965
205
227
933
520
362
658
781
71
316
308
211
177
280
211
28
886
565
920
522
952
77
716
790
395
744
163
784
390
395
677
613
726
168
394
472
662
247
610
419
916
626
774
916
515
623
926
637
512
606
376
371
363
290
618
1000
884
61
276
116
535
267
573
391
710
89
280
545
642
710
122
410
286
503
907
53
120
305
679
479
276
359
992
686
286
668
594
68
572
594
259
243
70
569
460
458
259
995
192
917
697
164
968
452
608
518
296
322
908
867
906
101
862
892
845
325
14
790
937
197
670
156
250
687
878
599
951
580
943
291
374
425
118
827
877
517
200
437
87
607
964
543
890
548
610
201
17
830
254
572
683
912
920
600
71
229
339
483
65
9
352
701
574
183
694
161
592
866
736
734
470
823
532
4
483
967
979
801
650
795
466
235
451
392
252
768
996
50
393
241
911
668
32
93
428
573
460
361
83
270
94
30
136
872
23
323
859
603
439
649
122
754
327
262
854
170
511
48
543
496
309
883
789
282
956
822
260
893
917
56
411
230
580
568
553
901
49
546
412
924
657
493
735
229
960
105
671
81
406
998
971
933
963
191
174
86
608
493
867
445
500
305
979
990
831
553
741
746
6
132
107
21
948
889
596
370
946
120
580
338
699
140
741
819
766
288
351
189
480
871
363
464
869
800
720
897
339
54
448
203
147
933
267
794
677
312
174
979
96
656
663
856
579
783
911
280
50
771
996
922
952
981
554
945
693
73
326
971
996
944
423
180
740
410
993
872
321
455
55
606
118
372
884
944
545
491
214
590
100
578
168
490
987
22
419
382
119
961
240
762
734
70
308
865
476
77
953
739
186
970
613
254
825
656
160
709
195
203
887
595
399
363
368
792
639
676
234
514
871
907
923
407
660
611
117
775
615
140
982
822
389
877
338
631
748
681
279
12
932
845
229
785
175
305
776
769
943
605
699
513
442
987
283
48
516
554
917
392
730
411
413
86
838
996
508
260
4
146
13
600
40
467
460
902
697
777
723
161
454
627
643
126
316
773
635
681
993
968
80
57
480
413
506
174
121
874
502
523
228
719
893
30
458
810
64
29
384
750
406
323
641
258
956
847
823
214
576
765
598
545
114
262
877
661
664
59
810
148
636
575
912
404
772
178
791
286
613
81
505
756
549
683
509
184
180
559
89
297
270
225
144
128
112
195
918
946
108
296
556
286
187
436
477
478
45
183
964
858
712
328
799
943
643
790
724
655
782
634
366
194
128
960
740
275
948
636
14
21
921
490
13
636
501
350
390
480
605
521
939
979
436
653
39
220
917
56
683
12
438
324
937
430
835
935
36
148
524
862
314
68
317
900
952
393
432
33
656
422
328
790
17
13
356
612
347
310
231
332
782
131
656
657
526
232
299
593
389
984
331
435
117
98
810
667
336
411
374
433
70
628
66
687
730
844
470
825
274
897
572
590
921
344
49
405
34
908
947
443
883
299
189
768
420
475
780
882
706
908
165
714
901
919
174
474
610
492
245
751
381
570
497
436
752
286
539
132
200
647
304
321
306
480
366
218
426
556
424
222
627
800
232
528
392
426
473
627
965
616
982
916
963
499
393
423
438
571
92
906
469
155
910
118
230
844
34
947
667
624
610
779
629
933
660
103
43
866
406
21
119
213
291
867
789
794
986
157
289
681
855
275
76
22
168
246
282
188
182
33
908
243
958
452
813
685
915
195
11
33
210
261
123
663
482
824
97
771
605
26
603
804
472
779
521
156
243
214
524
25
973
518
432
18
287
485
927
78
379
984
523
405
225
70
471
210
173
471
386
488
57
161
42
666
387
614
545
647
586
530
479
234
674
232
339
415
586
83
415
362
534
594
287
370
694
165
277
90
762
676
861
431
656
943
968
165
388
888
207
181
995
237
566
769
515
497
170
889
882
890
464
237
666
909
396
562
694
149
283
18
60
59
445
228
399
840
554
962
903
29
936
345
815
907
726
212
220
143
129
577
917
421
728
781
570
549
925
19
29
523
155
991
599
712
975
273
65
662
564
813
241
265
735
896
37
25
908
853
471
628
394
140
788
361
522
884
122
366
551
600
846
491
610
261
240
319
374
804
748
824
250
554
525
945
248
980
359
531
338
200
297
654
220
583
814
289
273
647
343
877
229
821
798
991
60
384
961
117
6
56
721
640
168
244
335
647
336
259
906
644
829
27
199
184
392
262
765
201
523
266
3
268
60
367
697
294
149
571
608
548
956
41
927
818
626
497
523
544
211
576
626
665
233
1000
676
413
500
715
614
943
98
129
340
512
567
897
770
826
225
635
944
889
947
188
552
643
476
667
253
905
787
696
978
885
506
116
19
451
732
148
548
428
971
687
237
534
810
887
470
311
164
180
237
440
968
172
689
455
706
639
161
492
838
886
551
941
923
275
450
237
826
140
364
599
50
129
810
776
858
877
585
514
258
626
395
277
758
501
405
305
79
64
684
462
712
638
76
628
330
209
53
471
452
135
314
642
707
123
943
404
386
936
790
695
270
537
982
277
537
827
281
189
57
252
617
860
964
980
22
639
818
369
870
540
902
922
681
761
666
473
264
324
807
995
450
81
854
948
27
938
6
995
433
881
226
397
676
144
742
53
177
634
678
281
451
402
339
647
519
217
315
975
274
605
172
994
785
997
428
16
820
241
232
832
816
686
367
928
105
784
731
812
920
119
27
627
142
812
184
365
757
37
450
56
599
124
621
842
358
302
830
537
567
247
644
198
908
330
325
488
932
174
478
221
784
21
166
971
949
566
47
461
186
522
554
561
53
788
703
702
398
897
958
899
447
782
949
370
310
241
398
35
217
568
539
517
589
814
849
215
27
276
639
381
392
180
401
206
479
400
717
282
437
129
361
865
48
524
823
383
21
662
415
107
949
793
583
494
627
182
353
921
740
210
145
120
571
526
650
643
497
158
764
394
22
675
355
424
918
403
879
9
227
582
268
437
930
460
13
743
533
298
746
86
229
540
363
418
473
76
768
899
815
376
503
35
510
322
488
172
430
873
384
396
636
780
961
973
430
783
330
433
391
438
656
130
552
966
417
24
628
75
136
203
733
148
338
976
280
467
132
537
890
848
519
341
990
229
641
479
708
228
881
649
767
405
247
329
867
676
222
300
184
431
638
55
384
341
426
821
569
865
475
651
8
638
311
463
859
597
442
14
248
617
647
852
247
532
987
119
880
682
782
724
435
203
30
35
643
822
50
631
837
561
753
61
83
422
756
830
55
63
598
231
38
169
7
950
396
62
567
839
581
860
693
740
71
60
388
283
890
973
879
361
456
663
897
500
383
659
395
727
552
815
323
606
91
400
597
729
217
352
137
54
597
815
369
487
952
469
500
346
145
421
588
