#seed = 1101
91
558
798
621
796
242
129
107
374
836
624
907
575
998
622
86
146
62
42
325
687
980
928
526
752
476
501
70
580
855
315
357
378
996
788
576
619
308
502
751
547
747
108
182
46
442
549
617
300
634
956
641
440
387
955
163
347
634
524
568
31
961
477
535
915
1000
743
205
715
817
36
591
648
65
194
95
443
451
976
322
977
686
284
410
540
687
191
263
567
225
406
672
115
1000
942
567
762
126
922
779
199
877
316
151
872
955
934
311
266
123
931
723
168
303
768
332
791
955
64
692
352
270
688
962
250
18
160
986
52
58
106
20
749
979
731
899
440
667
795
997
975
398
923
322
66
920
393
589
268
541
27
799
779
675
718
875
370
953
665
925
164
793
323
324
455
440
230
678
283
759
710
699
334
170
858
505
237
77
190
942
49
671
514
357
555
118
523
199
901
74
708
34
815
22
449
24
483
280
815
918
517
666
347
93
2
897
686
174
445
3
265
381
536
838
851
248
397
827
452
745
840
993
605
199
952
61
207
747
107
679
788
958
763
929
749
576
89
776
129
755
708
45
455
302
958
5
49
541
628
404
349
670
879
905
721
199
508
203
450
530
836
113
328
266
544
238
146
288
654
395
145
566
89
287
52
60
223
18
624
9
364
855
17
673
862
599
858
517
478
850
373
25
562
233
287
774
945
135
715
648
636
830
825
873
765
365
659
180
295
999
532
326
866
815
701
719
409
447
774
991
634
968
477
811
809
556
846
694
993
175
695
492
217
412
726
586
646
116
665
929
226
9
474
18
289
57
205
763
52
221
376
655
381
481
702
692
701
62
95
454
301
43
328
73
303
107
234
180
824
663
898
608
356
764
852
487
198
959
844
706
355
725
227
195
482
575
67
969
266
491
600
818
431
838
858
955
267
909
659
138
781
266
249
685
577
243
512
795
12
775
871
111
842
418
222
422
693
608
25
822
996
958
291
534
470
956
963
717
993
798
227
674
508
570
75
458
301
196
369
409
679
692
490
279
500
98
650
468
859
320
372
430
910
917
286
350
371
849
981
316
525
900
640
863
134
2
619
222
11
881
987
460
396
579
344
718
151
566
812
360
560
537
39
614
414
674
628
615
628
674
884
547
27
177
477
933
297
590
214
947
409
711
290
738
975
399
838
799
741
69
321
496
742
657
111
337
358
833
714
299
733
818
749
462
103
59
622
23
729
746
152
413
25
242
162
310
722
660
40
294
155
714
756
367
275
795
1000
252
12
312
290
903
289
669
556
355
669
59
896
987
513
819
685
273
657
541
944
939
323
958
417
840
245
304
16
721
651
827
437
754
418
145
490
727
108
264
845
764
480
688
293
12
461
556
48
499
211
965
758
951
118
130
46
353
79
812
268
922
73
806
867
616
365
578
676
488
899
822
811
685
30
533
379
638
82
689
798
766
852
478
738
421
902
35
355
260
413
962
633
614
769
95
822
297
449
717
734
484
753
163
739
339
633
909
692
5
91
671
98
335
784
212
191
113
959
357
155
374
731
102
132
121
96
346
825
370
394
694
283
168
58
363
337
81
590
653
774
325
572
457
153
289
275
163
497
503
614
981
43
650
157
243
666
39
33
195
449
623
820
987
407
729
731
291
56
580
538
809
924
698
794
163
479
552
209
646
300
899
830
677
679
588
879
870
997
140
601
447
546
91
211
534
775
793
352
86
613
191
871
292
99
504
912
177
303
154
694
243
301
185
275
891
770
634
500
843
787
948
483
513
167
10
35
668
381
485
27
704
899
895
714
452
837
83
683
904
582
96
85
571
62
772
210
611
953
861
610
958
455
91
107
565
181
233
119
601
927
970
627
869
928
432
663
11
328
991
6
963
440
761
180
133
293
178
879
743
783
260
571
83
261
861
638
240
407
436
717
425
352
810
865
850
390
293
610
150
910
600
886
854
689
798
357
924
381
694
500
341
329
1000
125
285
570
606
183
773
563
438
287
95
524
579
819
66
137
619
399
433
493
571
278
485
124
94
950
763
754
205
360
921
931
8
730
721
104
442
859
80
370
443
915
152
383
56
348
929
870
61
321
703
928
610
890
389
381
91
321
343
792
873
124
869
857
814
439
347
21
926
661
693
667
968
683
16
237
548
649
740
209
567
94
942
299
866
815
113
442
721
355
748
676
847
630
119
254
62
792
319
451
508
897
993
8
225
908
427
346
453
253
182
917
822
800
440
171
607
744
821
581
757
712
342
24
427
953
554
39
245
481
808
216
953
948
463
934
545
458
349
587
61
861
987
808
790
893
881
282
718
89
478
322
466
844
72
66
81
818
514
503
846
926
340
63
129
898
315
792
669
337
313
291
778
436
959
259
450
103
687
966
409
335
311
543
821
187
495
469
261
68
148
155
958
379
469
965
521
773
10
852
256
61
748
54
343
262
999
605
567
595
725
418
877
166
196
166
994
537
623
237
844
532
675
151
713
347
167
164
355
603
383
875
375
538
634
296
944
968
654
832
128
309
934
170
767
656
42
67
828
882
436
974
16
5
571
734
538
788
144
2
213
672
374
268
917
203
495
157
40
325
857
505
226
265
855
994
913
356
907
276
951
953
810
748
494
923
368
141
414
152
90
361
545
999
715
273
823
846
958
129
485
258
242
411
553
467
475
78
913
259
69
619
441
828
924
843
650
803
951
696
64
541
347
839
564
204
163
391
752
93
764
449
298
458
767
315
39
287
800
803
433
899
172
20
379
765
975
464
505
720
891
75
556
429
196
775
267
580
633
553
157
350
45
576
739
249
683
437
819
873
456
139
647
456
26
356
363
226
719
750
925
319
688
761
376
909
692
173
8
914
753
516
42
523
645
9
796
76
331
852
271
149
544
484
461
796
685
791
677
349
24
265
452
579
51
78
253
561
886
670
513
226
855
252
290
425
952
210
97
942
937
693
95
190
580
633
521
134
736
489
412
739
957
205
920
152
375
360
826
77
461
852
545
73
920
317
217
36
937
375
110
700
715
844
8
730
48
782
837
607
296
341
133
768
771
798
175
179
376
873
104
629
126
813
659
2
239
330
452
16
709
258
63
657
892
732
686
259
88
319
231
893
95
128
851
296
70
704
467
432
514
165
718
229
829
516
213
522
513
743
983
81
104
856
632
905
281
98
276
446
215
232
66
868
747
158
475
95
746
144
242
49
162
410
613
481
606
988
210
36
312
410
477
643
902
542
277
265
613
786
879
95
586
886
497
982
568
410
401
153
579
25
366
972
379
642
884
492
548
684
293
181
146
677
291
706
434
887
938
541
988
991
690
179
293
188
538
658
224
329
928
217
308
502
397
301
673
817
109
604
756
69
692
368
74
820
228
154
817
111
507
799
330
182
833
116
203
126
520
257
537
526
340
629
778
133
289
479
665
581
708
499
354
868
250
713
925
765
340
294
519
866
940
557
900
699
562
478
130
568
967
785
862
206
826
744
737
330
736
166
901
920
574
23
82
758
411
541
822
898
945
204
552
476
738
451
573
209
902
663
244
206
978
350
924
429
341
941
173
423
61
878
3
590
711
618
527
894
698
623
201
303
620
622
1000
385
191
348
713
325
564
674
582
172
23
699
229
631
850
873
362
905
332
613
239
893
394
401
63
247
629
572
306
906
964
297
986
654
336
652
981
763
397
115
515
910
481
44
823
983
157
704
875
333
792
404
499
455
507
280
772
480
991
39
710
85
787
881
811
606
745
104
380
550
360
717
649
905
652
86
549
770
873
183
877
590
639
705
173
368
471
763
195
618
444
828
847
220
477
331
415
228
431
307
962
851
735
118
162
960
220
676
132
787
867
704
268
520
692
103
825
37
922
278
951
330
896
224
916
509
935
505
50
838
996
273
515
878
502
592
171
559
829
850
415
871
662
320
411
919
947
747
489
618
983
717
534
133
87
766
262
666
780
511
1000
624
437
583
332
194
26
392
112
610
355
629
474
506
446
570
528
303
320
688
819
635
715
436
90
357
61
2
675
663
193
11
508
860
7
504
608
220
830
98
621
917
754
1000
889
687
553
372
853
333
495
763
618
779
377
350
504
760
438
985
94
873
914
24
867
231
612
785
739
663
47
626
141
445
198
264
297
980
488
321
167
251
924
927
818
535
518
321
636
833
574
391
51
908
226
418
657
726
282
221
433
560
249
84
29
660
787
504
285
938
682
572
146
743
267
464
128
98
765
335
561
292
985
791
887
500
917
476
498
620
219
265
535
411
7
804
441
912
957
237
921
264
592
211
377
212
520
19
783
954
795
686
45
438
140
141
100
20
352
795
601
389
221
336
848
180
893
54
661
940
57
834
146
912
777
600
145
902
879
963
603
208
875
592
938
41
625
422
73
465
519
796
187
837
738
62
376
78
688
38
860
828
561
251
218
510
967
97
343
17
348
348
688
827
602
818
757
995
277
901
567
711
821
617
644
208
600
816
380
918
492
927
60
572
978
109
847
512
566
464
388
273
435
211
603
85
731
976
777
134
796
790
420
529
455
39
16
979
617
401
271
207
44
663
703
904
224
611
373
56
291
170
223
395
536
852
183
811
611
694
308
936
915
934
491
300
456
434
418
280
19
758
493
742
301
64
250
677
688
169
166
626
97
923
122
394
55
889
313
792
134
656
592
36
996
184
208
411
572
574
488
133
713
98
242
759
810
191
680
261
636
980
552
660
141
847
827
497
676
593
563
546
159
210
834
919
708
457
80
947
457
695
220
477
559
481
59
542
992
313
903
46
33
784
238
352
323
898
196
862
556
261
675
674
402
87
742
667
552
532
93
656
793
9
323
68
696
640
315
814
330
936
593
891
868
631
677
714
382
863
121
228
17
547
196
999
92
861
8
758
274
477
141
614
520
8
720
358
882
834
687
996
117
449
419
960
183
952
712
184
243
12
672
416
336
351
387
923
89
510
307
802
199
577
460
112
979
143
217
296
192
12
1
667
644
896
513
642
623
268
27
772
357
155
843
4
806
651
970
387
884
800
420
925
924
715
428
706
165
724
720
868
534
353
127
64
60
697
918
83
737
289
530
826
608
234
839
966
349
214
631
538
546
397
39
258
739
24
811
322
75
241
514
48
248
653
52
487
729
743
232
97
327
43
833
224
569
667
368
17
714
873
950
45
62
634
584
253
370
507
653
570
920
731
739
943
570
501
781
275
790
160
441
806
623
804
909
392
244
596
650
384
866
346
305
480
165
475
114
579
139
537
188
535
153
343
86
53
944
756
532
401
575
887
974
608
604
371
306
894
940
463
905
946
7
733
646
638
202
308
195
310
692
605
894
12
938
455
593
918
270
951
463
37
281
999
522
506
977
401
298
495
982
897
904
16
455
429
40
100
714
649
557
636
608
299
550
270
374
304
942
334
744
401
337
978
848
445
315
777
76
364
211
655
958
62
188
215
436
790
444
742
72
486
365
279
514
312
496
209
705
286
514
609
946
942
551
453
687
742
515
175
752
592
120
986
454
658
161
44
36
500
788
415
753
959
870
549
984
599
257
448
153
452
817
628
632
379
92
82
26
620
71
417
784
120
557
195
925
264
146
177
937
45
102
228
856
551
598
458
445
348
4
464
967
56
494
714
830
499
924
164
343
340
283
852
642
824
78
399
149
406
213
420
681
290
430
473
906
860
583
704
820
564
981
189
705
749
662
599
936
803
307
584
111
546
42
219
809
972
112
753
770
127
124
784
647
657
6
377
770
168
958
956
779
515
177
882
131
182
285
895
762
206
470
930
112
954
810
378
761
553
206
975
81
286
652
817
86
565
124
689
989
65
703
251
61
219
10
356
40
153
823
670
584
753
584
285
478
8
133
533
805
371
909
714
229
553
16
412
180
763
139
789
871
401
221
784
470
731
806
711
309
368
272
417
846
950
613
942
460
887
608
944
331
565
696
881
675
634
630
971
308
230
743
744
811
349
141
598
298
692
985
590
917
776
827
882
513
60
706
265
351
189
214
208
158
307
234
518
127
94
376
596
770
18
861
967
733
505
51
19
301
580
149
486
141
686
181
55
371
876
754
697
786
437
853
432
2
514
938
462
612
409
899
218
649
204
512
446
531
273
643
683
515
446
80
27
72
964
554
491
337
836
17
219
594
26
663
147
691
197
665
132
735
15
667
681
311
648
708
56
790
873
497
312
976
119
325
496
67
343
654
554
528
600
99
778
859
57
377
839
253
312
13
581
179
244
44
605
631
48
854
802
876
53
32
744
928
722
161
746
354
971
909
1000
346
675
637
636
64
191
863
727
940
952
233
733
877
732
545
138
437
458
992
895
889
241
286
637
231
596
927
101
328
179
906
769
268
689
42
91
677
742
517
576
236
256
313
640
592
699
399
604
405
258
152
652
680
104
317
309
553
536
899
428
417
981
290
234
939
55
718
11
407
155
566
180
97
37
930
409
760
533
290
336
35
67
778
989
46
624
89
619
634
786
833
76
114
484
641
837
849
56
869
985
490
658
39
289
119
586
855
908
987
837
406
105
731
177
480
974
678
851
168
555
166
647
693
568
391
147
202
248
444
369
132
145
353
703
404
425
402
604
292
607
315
249
263
330
793
33
8
34
293
182
52
761
633
538
700
110
931
200
131
254
102
261
206
911
720
941
409
570
935
142
22
612
748
659
56
890
33
62
590
630
462
94
386
114
399
680
617
312
690
837
14
227
845
856
903
590
684
522
241
391
616
132
304
664
787
912
510
162
247
965
900
413
790
445
230
297
532
228
657
914
977
159
896
868
916
671
604
363
865
977
946
852
858
283
814
382
27
500
69
215
903
113
352
556
161
528
316
257
933
323
566
841
860
850
165
867
254
453
368
713
298
893
862
966
233
38
932
243
665
436
640
526
797
182
653
791
258
347
536
888
548
239
502
249
94
930
128
22
273
702
159
709
948
660
266
455
881
481
655
979
713
234
869
353
869
121
687
634
157
50
485
825
950
919
269
742
972
139
567
447
928
495
485
971
58
400
329
437
79
489
913
465
989
850
718
486
284
237
667
192
615
112
408
361
480
484
693
859
857
873
380
188
910
748
631
23
833
390
449
547
213
474
521
810
252
898
880
48
428
623
420
750
4
803
789
938
268
140
724
509
178
496
692
392
913
504
472
556
732
850
316
85
457
135
224
338
856
813
903
323
122
458
374
527
831
750
639
817
479
763
365
23
402
756
218
231
180
591
829
22
616
624
879
15
125
508
924
828
910
135
678
587
394
426
85
792
316
548
660
155
966
812
981
382
990
856
332
870
779
301
640
435
208
52
286
629
806
501
872
5
609
315
467
477
817
292
982
925
440
179
110
955
603
459
382
374
754
634
740
751
289
567
551
381
1
394
124
308
233
487
160
224
61
823
816
436
409
179
20
889
103
293
426
901
284
53
694
146
713
164
271
120
196
977
149
473
719
670
591
54
736
494
657
651
1000
69
722
867
808
84
483
953
868
663
491
653
403
21
944
808
359
699
753
748
879
342
911
602
628
867
249
129
873
340
174
856
923
98
796
720
1000
778
176
281
596
77
7
264
782
519
489
377
193
684
869
583
198
938
23
109
879
175
535
288
855
320
435
35
77
42
804
310
214
481
870
716
474
467
160
112
951
592
460
180
298
633
57
621
493
57
43
686
218
508
276
399
741
579
628
409
79
577
724
745
431
166
145
327
995
189
339
131
764
835
989
363
23
503
911
754
176
233
782
784
330
64
590
90
977
459
998
998
112
315
721
366
509
740
21
902
106
351
372
971
368
149
624
859
52
274
156
659
683
827
845
648
370
109
919
181
557
308
892
6
625
732
751
7
830
456
151
613
180
125
63
870
558
657
354
935
228
670
11
138
962
837
579
258
62
448
396
909
79
121
274
748
905
440
18
226
437
661
42
815
156
866
703
864
852
476
174
428
828
446
770
325
193
114
28
601
643
421
569
469
474
550
397
541
634
643
309
882
861
311
898
720
983
868
657
995
117
169
80
214
583
464
587
575
117
503
356
506
421
392
41
352
978
735
216
76
944
176
349
443
508
419
676
373
49
565
753
820
797
420
436
416
746
566
963
868
56
695
568
449
423
13
258
524
322
673
983
55
656
253
974
705
437
188
330
218
965
435
899
608
528
378
471
559
720
118
846
720
15
110
459
161
70
976
886
813
272
832
286
415
942
324
620
584
339
919
114
491
823
880
355
890
49
934
204
935
158
882
184
728
190
569
289
791
229
781
418
605
439
711
786
363
829
299
226
749
452
247
712
555
268
977
396
653
326
141
855
843
143
856
228
142
425
507
615
639
57
863
778
761
683
114
878
397
57
284
678
195
195
505
590
599
40
98
99
479
738
618
573
176
896
554
511
320
677
745
136
500
405
628
961
126
736
550
518
490
847
36
490
69
732
120
266
627
574
447
700
132
297
633
289
930
692
789
813
441
420
926
480
995
14
782
996
255
226
750
510
917
963
119
34
921
626
192
712
682
539
772
779
38
119
231
175
172
416
773
338
973
475
567
931
95
200
395
975
800
813
966
67
827
80
937
364
954
587
942
618
441
370
285
667
171
552
87
892
67
31
134
401
352
663
239
334
342
341
29
238
701
429
35
832
224
651
478
34
301
546
93
230
444
631
870
737
573
872
358
898
874
630
372
624
238
930
490
532
497
684
177
925
386
38
216
362
744
943
58
602
60
235
889
15
806
840
146
857
826
803
551
23
895
49
634
985
804
666
69
449
767
583
11
439
836
628
154
939
918
801
648
694
61
98
935
145
460
870
7
783
621
69
798
759
388
115
118
161
301
369
475
649
226
714
671
873
949
243
372
89
566
428
150
994
570
587
554
649
929
256
471
959
570
730
448
556
957
760
898
707
196
437
112
73
927
490
633
343
75
303
667
960
454
285
894
748
81
554
903
298
874
823
775
364
773
702
56
572
223
173
36
357
703
320
585
884
274
915
965
101
489
36
498
682
424
543
798
638
861
83
193
296
931
986
148
715
915
966
403
114
590
294
350
161
817
264
74
566
550
816
14
687
907
663
741
437
265
655
336
669
522
306
93
112
24
667
448
656
879
476
556
59
302
222
637
156
399
287
261
132
888
814
466
560
669
506
513
676
588
128
521
997
189
11
222
812
860
118
384
823
836
285
791
281
314
914
742
466
467
651
457
153
387
608
52
997
419
42
169
443
846
711
165
186
552
938
712
194
604
432
832
971
152
213
601
98
439
677
419
926
243
255
743
681
916
59
167
74
218
467
81
463
603
64
976
935
177
572
104
6
435
644
956
793
166
529
277
201
136
772
521
854
641
758
85
992
359
530
904
602
276
666
478
843
54
334
646
121
171
803
121
18
230
831
503
909
91
11
176
603
874
402
859
36
867
878
815
91
63
730
635
747
943
697
116
11
100
613
883
660
330
908
616
252
537
501
15
267
137
912
189
75
65
868
983
109
572
218
367
757
626
870
789
663
310
630
366
227
961
354
915
92
242
99
560
639
615
569
727
295
53
525
672
301
529
941
800
212
353
462
108
579
113
915
920
155
253
243
432
16
696
217
105
877
47
813
853
488
126
336
50
348
652
772
990
229
757
274
409
383
52
861
935
119
147
796
345
891
25
725
38
653
326
973
987
874
142
92
956
145
471
101
269
559
873
115
515
376
706
30
968
112
923
733
262
663
954
366
363
930
644
593
429
982
95
786
699
312
553
469
672
408
609
724
165
796
712
348
777
385
35
270
631
812
888
601
789
558
43
540
380
166
716
305
417
344
686
270
199
571
430
13
534
73
750
67
852
799
389
141
414
836
525
598
420
39
497
237
166
673
33
843
927
721
691
403
573
902
696
842
577
639
200
686
633
286
178
651
31
892
805
760
222
14
772
337
809
156
849
925
760
322
921
719
343
80
799
930
61
716
592
221
742
863
675
638
37
157
19
874
378
278
346
875
468
921
803
619
651
41
804
989
588
327
503
187
178
950
475
545
541
510
932
984
618
769
811
223
855
289
59
660
881
746
450
913
188
964
935
169
414
944
110
65
128
467
766
803
426
673
108
110
138
257
525
794
761
591
781
535
274
983
287
309
264
364
751
493
347
352
308
479
510
862
868
693
832
11
203
244
844
955
692
363
944
88
402
684
567
117
811
440
787
473
18
567
227
639
175
293
316
755
829
200
535
470
913
21
967
234
738
210
157
209
688
374
178
911
717
549
528
177
395
704
869
965
145
937
141
265
190
756
755
911
872
704
188
454
888
573
9
476
630
472
279
567
845
138
940
651
275
807
967
613
504
801
885
927
384
917
844
972
534
109
757
27
190
733
331
992
479
89
227
613
236
595
791
33
574
243
618
247
480
502
714
503
526
353
813
713
826
247
418
29
468
62
502
408
6
152
903
161
497
709
56
50
96
982
481
130
591
924
130
167
7
111
476
432
265
643
612
697
492
684
317
904
845
506
824
956
786
343
219
437
611
766
260
606
581
766
24
223
164
411
981
607
205
198
984
39
957
66
803
946
761
232
47
456
996
365
834
954
598
214
708
704
983
806
940
165
520
614
794
204
809
139
649
572
917
598
491
591
999
20
592
648
175
206
29
947
500
931
957
526
632
784
151
717
371
506
83
500
140
915
858
221
115
256
593
457
276
99
497
251
393
644
23
976
224
290
19
331
363
456
279
285
58
938
766
833
257
942
150
982
415
864
347
53
13
518
882
866
678
594
775
152
209
134
139
213
920
945
349
725
477
176
604
882
232
912
214
80
207
751
312
767
243
946
427
361
898
897
991
468
430
191
271
554
106
558
600
155
652
47
551
100
436
646
214
217
479
948
923
198
552
111
670
91
500
780
924
934
592
341
436
954
770
869
958
644
576
351
115
535
704
119
741
38
406
512
955
310
915
821
849
430
112
859
418
815
887
123
507
973
866
766
414
872
955
785
263
596
551
263
807
771
472
22
162
637
517
177
823
550
264
445
156
822
324
664
107
782
568
715
341
701
517
808
329
914
792
542
448
92
260
273
401
933
863
119
772
910
375
966
653
476
193
192
623
672
918
256
379
948
315
743
116
88
875
199
31
485
523
761
212
337
785
73
451
785
354
383
630
797
911
185
489
588
459
3
328
793
364
209
326
749
923
395
29
276
586
31
838
316
745
77
598
959
596
763
340
337
805
17
459
309
121
975
696
283
922
898
162
388
689
301
104
702
301
196
779
122
988
940
18
475
805
87
132
209
368
755
606
843
339
34
536
244
265
172
990
924
257
640
808
215
233
178
566
890
364
206
996
17
415
346
758
958
164
666
544
653
817
949
157
755
409
517
338
132
948
84
325
875
245
986
207
420
376
202
