#seed = 909
563
930
903
672
612
341
527
686
655
280
203
929
943
784
781
714
278
340
342
319
961
441
980
844
776
257
463
739
328
339
985
236
103
75
794
543
916
114
989
206
688
48
427
144
45
446
458
120
321
872
473
468
839
343
99
177
82
501
997
268
791
978
110
68
238
603
522
267
852
434
251
114
529
248
708
732
217
391
675
483
785
317
355
431
375
418
987
973
406
986
983
36
565
6
432
650
763
365
715
541
10
120
707
606
949
76
483
800
318
184
532
127
817
213
424
755
422
813
737
667
823
957
400
78
511
244
973
212
547
358
80
740
992
234
579
399
608
822
332
457
410
789
922
904
685
830
507
292
73
734
775
863
42
48
365
814
9
977
800
789
801
432
206
537
571
514
869
879
167
580
74
314
832
489
383
505
393
804
624
471
802
463
91
932
386
833
746
281
839
534
558
537
913
137
769
523
863
37
7
443
997
193
962
16
163
945
809
64
899
577
109
880
662
165
640
656
587
915
970
355
109
170
217
76
88
44
12
972
240
671
596
248
982
729
200
38
216
985
59
624
268
779
92
914
897
155
354
782
986
955
538
47
871
96
950
194
249
742
580
712
450
451
960
904
399
849
431
977
500
885
129
957
498
581
538
386
847
79
629
962
834
764
709
426
249
995
170
639
753
17
212
692
585
646
856
776
812
44
444
517
233
497
400
307
864
811
826
379
203
667
710
736
895
330
617
903
438
816
504
511
11
355
610
931
905
741
214
389
175
534
138
69
76
992
506
15
283
50
233
346
795
164
15
188
206
745
15
571
276
795
772
742
923
32
48
754
453
921
520
673
774
868
527
501
409
623
109
179
910
773
907
930
962
166
198
170
594
230
462
241
325
535
898
176
166
114
922
829
291
617
401
922
309
936
236
946
916
690
635
204
454
368
555
680
515
884
846
974
840
708
16
958
239
137
342
850
511
415
877
895
701
351
909
154
759
400
288
232
888
469
866
918
557
424
518
951
291
827
27
148
651
775
946
325
932
382
949
758
19
698
437
709
481
649
16
263
456
472
189
746
427
572
845
93
10
775
904
588
47
496
425
592
336
755
680
899
33
848
665
473
781
488
294
858
609
89
262
332
581
698
304
333
600
634
576
725
839
67
813
498
185
252
556
94
938
133
869
155
202
611
88
359
945
483
619
610
370
987
691
492
977
684
76
916
258
604
160
827
952
184
160
62
14
862
41
666
717
792
813
170
963
709
229
876
364
873
737
931
488
653
460
493
817
881
990
212
575
414
303
513
73
248
165
676
170
792
899
152
390
688
478
764
816
528
700
781
801
606
835
62
247
841
380
562
808
726
978
296
305
83
979
364
95
385
218
775
345
296
789
397
416
146
386
116
509
729
65
284
245
964
838
506
331
972
727
222
842
606
212
485
645
25
695
137
502
342
161
811
831
496
909
627
104
65
534
198
293
388
129
886
835
993
222
336
240
138
449
111
428
469
455
422
871
962
23
226
912
44
958
949
536
308
903
399
1
105
757
31
878
964
870
872
304
816
271
791
833
743
766
152
433
151
392
904
291
571
95
708
756
134
431
657
943
666
725
517
159
655
356
939
418
495
782
588
566
141
516
24
156
766
394
677
446
808
458
782
613
328
187
612
763
672
717
74
714
276
156
754
983
253
63
797
783
663
500
40
884
29
858
194
219
181
698
201
94
365
58
901
457
556
87
468
779
710
55
389
819
279
633
840
652
337
249
170
759
337
372
798
523
787
796
119
348
62
464
146
797
361
636
704
931
261
256
618
207
205
207
61
967
903
135
373
131
831
680
493
167
505
138
284
50
115
951
859
793
317
666
267
72
225
427
988
870
213
545
160
716
87
578
983
267
608
266
635
991
73
893
851
563
450
842
180
946
154
439
819
191
928
139
88
154
832
12
917
920
489
286
532
821
803
684
22
881
174
702
575
636
653
727
743
975
681
505
348
681
371
311
875
586
225
599
229
752
658
11
182
739
540
883
377
303
466
232
95
462
980
111
110
991
390
240
334
863
378
378
279
50
634
444
382
774
445
579
382
597
643
523
483
701
660
252
930
925
786
635
253
742
639
385
578
419
1000
60
267
535
609
200
808
962
899
66
336
735
376
641
759
421
927
249
337
304
923
341
165
44
86
185
557
85
115
233
177
517
24
321
851
547
770
561
853
204
435
509
398
385
870
983
372
253
427
873
76
545
230
91
389
630
778
717
594
607
787
490
246
8
193
657
697
558
720
440
217
245
69
64
380
952
859
496
617
320
282
126
175
892
825
417
901
74
11
236
729
663
61
495
420
289
655
968
250
878
513
210
367
424
973
63
581
135
66
919
971
35
73
245
791
621
912
282
811
41
115
729
885
979
267
190
105
722
471
668
954
701
574
521
693
769
415
304
70
132
800
923
580
529
514
274
607
704
694
260
314
993
697
185
523
181
762
163
456
698
188
207
771
97
894
355
558
965
344
45
810
738
977
749
97
567
851
872
540
409
680
419
966
126
406
264
95
347
317
176
220
434
42
37
884
36
604
490
302
239
459
818
550
244
464
906
94
63
728
932
937
100
482
993
883
779
64
410
988
359
58
354
667
848
13
796
847
819
619
252
449
347
244
701
741
431
531
775
439
40
587
34
43
156
752
499
581
740
114
618
6
686
931
30
88
112
378
381
817
842
160
676
931
182
896
632
572
111
148
142
609
715
778
357
605
95
965
574
391
86
832
53
394
972
189
415
207
85
356
95
405
109
847
191
744
180
914
775
382
936
48
13
182
855
608
506
156
879
118
493
815
380
54
558
524
582
52
177
275
923
255
132
727
496
84
183
268
296
238
759
656
886
747
511
291
733
921
717
971
530
847
940
152
522
473
426
351
717
268
192
498
375
767
433
196
351
386
969
963
542
640
604
526
373
912
297
533
523
386
569
519
290
644
695
126
733
44
357
480
848
264
200
255
844
57
186
912
142
870
354
321
274
125
642
202
545
940
853
422
892
670
27
124
796
257
106
29
592
668
378
474
2
901
285
358
847
296
442
926
848
92
589
362
97
120
716
795
982
451
272
388
669
313
686
525
268
777
761
562
88
275
494
410
423
111
964
811
234
49
926
331
107
176
334
274
39
789
727
531
999
121
559
753
833
264
407
950
126
913
369
191
88
135
517
859
282
842
448
730
52
454
361
698
577
54
553
949
7
785
103
663
106
138
149
275
109
925
394
84
318
765
653
209
581
435
459
650
273
18
757
639
327
853
697
808
287
49
114
367
389
599
319
650
953
105
526
372
532
110
11
11
440
561
345
308
802
212
107
986
438
490
711
926
383
265
791
24
146
462
382
820
341
691
348
208
146
700
350
434
730
447
805
774
568
361
193
204
723
613
273
528
350
783
882
99
32
903
650
199
556
609
215
688
52
641
97
990
895
644
625
535
292
674
749
489
161
312
585
429
909
858
763
127
822
717
258
186
455
354
820
97
834
158
91
56
46
78
780
424
477
384
436
457
749
893
262
722
49
43
21
764
363
239
475
932
88
511
628
471
848
38
394
769
560
512
853
526
166
93
382
945
888
259
665
355
394
147
285
946
594
790
146
707
689
761
469
555
217
787
26
559
701
871
359
971
82
549
177
879
768
674
310
390
412
248
694
432
654
385
430
984
409
901
442
367
260
467
519
87
469
155
146
292
77
130
16
476
955
103
907
984
553
682
126
18
573
516
614
510
77
162
349
333
619
707
435
445
792
817
915
588
415
412
511
411
577
409
41
664
241
162
920
435
940
80
467
402
999
707
885
704
44
426
717
256
890
845
904
503
351
695
229
535
941
210
77
136
783
619
558
530
735
996
802
861
269
824
112
649
189
801
863
57
142
581
842
274
75
295
845
354
184
466
219
924
242
496
729
600
34
993
674
806
296
95
303
363
193
950
171
436
269
833
248
303
455
799
186
666
746
741
558
195
556
13
975
446
537
324
13
21
375
441
857
257
578
113
58
743
411
319
69
134
457
360
629
965
924
93
743
666
98
835
480
20
833
532
741
858
8
16
959
508
498
686
425
975
791
147
383
751
912
206
773
636
991
138
777
71
265
562
566
126
753
20
30
515
275
252
402
179
89
225
1
770
381
908
500
371
468
436
642
701
891
959
341
626
425
251
151
153
665
123
978
75
330
725
963
34
892
200
802
790
769
586
177
633
510
592
399
410
725
335
31
647
769
95
770
659
260
455
101
671
40
875
928
837
808
874
389
471
259
660
33
950
229
561
426
591
617
404
245
423
758
167
643
559
717
400
175
227
708
265
567
853
955
654
796
407
313
191
639
989
497
324
850
568
551
872
273
854
296
639
235
631
899
257
889
427
803
760
313
335
670
374
239
239
621
464
225
869
199
639
101
215
340
725
466
983
540
892
96
916
674
386
445
245
608
713
204
126
888
595
628
467
35
290
874
417
394
557
228
940
992
359
260
83
424
122
709
224
719
625
5
787
472
219
270
278
97
27
874
75
191
243
747
250
74
769
301
463
703
578
89
496
142
627
286
348
479
967
910
350
918
115
186
745
80
365
891
821
633
610
318
632
204
430
915
625
902
822
987
149
695
354
171
820
526
15
657
941
824
825
274
86
148
621
397
640
486
980
664
143
198
275
317
192
36
279
648
763
347
407
712
871
983
330
599
245
820
279
616
300
260
107
508
539
309
220
209
422
501
916
816
608
170
338
937
383
690
451
197
620
532
446
280
457
626
660
193
806
668
742
551
396
1
785
937
98
356
172
874
334
801
642
680
651
483
499
344
96
75
13
479
818
151
184
503
920
916
118
852
403
154
113
570
817
467
511
989
231
182
249
893
803
367
953
564
580
43
881
884
777
170
321
810
926
230
520
761
398
642
364
621
402
401
444
805
775
213
602
756
349
200
238
68
531
570
430
287
600
679
482
131
845
940
267
161
551
278
324
299
216
800
856
256
957
903
763
157
401
811
893
225
984
804
225
805
801
422
203
414
787
651
848
904
80
628
256
817
870
643
486
392
890
544
360
880
24
438
425
356
269
434
756
345
269
191
820
890
641
584
950
260
936
35
632
768
678
334
251
254
810
306
787
436
785
592
511
682
856
316
156
584
494
277
340
351
840
237
579
169
727
11
955
79
700
971
317
341
323
847
720
771
429
701
726
835
663
692
849
513
304
795
382
996
640
280
263
280
988
602
428
110
614
772
748
73
554
543
173
732
99
474
539
645
291
752
941
881
705
823
507
123
133
760
907
564
631
968
484
800
182
378
617
963
68
502
63
702
462
762
786
954
194
948
89
88
57
753
50
954
124
837
600
881
490
704
657
69
463
544
428
114
649
73
176
301
124
86
471
59
894
186
305
586
500
88
661
263
939
451
442
11
314
347
92
18
108
197
738
401
740
37
301
300
514
842
411
257
306
159
520
180
715
42
782
240
413
314
115
279
548
578
729
982
185
108
12
120
111
660
356
485
955
994
377
303
700
187
254
897
298
5
487
485
36
989
516
568
825
87
552
235
200
641
491
169
259
373
970
904
510
984
97
934
238
60
455
82
796
470
495
491
456
221
287
41
850
576
745
662
260
138
415
265
852
454
99
599
14
368
908
958
718
271
773
247
98
382
936
47
629
145
608
962
904
714
932
885
356
792
679
815
611
688
316
426
308
219
126
972
580
636
86
749
914
772
638
636
443
676
90
2
100
390
830
883
470
825
34
180
180
719
707
501
312
284
107
669
651
581
128
220
627
435
834
850
262
427
742
281
293
179
984
41
429
922
885
416
670
132
854
603
446
770
480
838
824
850
209
884
302
896
365
172
886
713
430
128
743
239
82
435
205
902
774
926
66
401
81
334
957
794
451
270
15
429
756
557
143
247
833
956
648
336
545
902
872
850
909
620
17
613
182
788
253
945
265
141
562
823
581
338
645
453
677
73
650
332
641
806
378
335
167
385
189
273
319
656
663
963
412
146
831
106
166
746
82
889
932
372
439
456
46
911
643
681
921
375
196
42
836
469
299
604
864
310
779
623
876
509
734
928
358
773
534
264
917
256
641
946
811
997
493
352
928
665
691
402
282
61
865
925
577
607
255
316
726
408
851
286
804
137
928
667
375
323
593
52
672
658
204
710
258
724
641
571
63
628
330
493
836
886
108
8
980
710
819
147
648
890
220
490
699
88
307
459
187
661
277
954
107
628
624
100
574
831
535
404
399
316
618
14
236
535
138
998
88
600
737
156
263
969
208
342
340
159
362
553
902
98
118
902
210
842
274
53
330
648
138
537
371
102
880
560
564
148
382
884
802
968
975
395
393
889
475
416
908
864
521
819
485
916
166
164
889
496
452
311
83
899
959
500
176
420
553
655
346
328
644
335
198
858
55
949
497
957
762
650
879
425
780
645
459
896
108
720
715
675
548
422
491
934
945
251
282
460
999
23
586
680
386
201
744
610
735
317
83
906
560
345
497
141
287
858
93
793
682
413
925
798
772
4
248
858
853
856
837
561
247
325
774
584
225
895
667
36
145
767
907
196
298
474
38
632
742
22
870
396
500
57
515
805
426
8
637
278
702
952
20
223
638
237
524
35
456
685
685
5
915
608
646
295
564
207
593
766
693
933
906
133
583
438
281
772
145
219
791
932
817
903
941
586
926
106
815
542
424
567
8
200
479
387
7
310
785
989
591
859
16
548
781
775
287
690
194
207
492
67
984
713
713
81
770
631
357
136
923
677
96
241
177
104
115
997
442
541
5
120
356
860
331
519
75
527
191
207
499
186
425
28
574
865
51
666
887
272
765
740
373
515
905
183
819
163
586
1
932
498
654
771
884
691
490
401
617
561
548
338
832
578
339
968
621
855
250
990
690
403
260
345
696
421
906
4
180
588
512
996
200
551
221
980
658
158
777
118
546
400
577
919
837
530
453
806
207
264
411
217
37
11
213
203
976
143
965
558
630
32
760
121
946
40
880
14
852
432
164
915
979
937
562
466
158
213
781
39
450
807
361
270
790
948
67
247
370
900
494
199
358
273
856
676
679
203
955
308
100
565
871
43
726
56
669
791
630
945
374
417
849
322
785
931
742
594
756
760
481
545
474
573
112
237
763
818
153
194
737
948
606
937
54
50
953
480
203
994
202
634
804
848
272
994
703
346
60
889
339
395
473
714
525
314
399
430
389
246
599
698
807
248
48
617
837
157
200
286
27
47
998
362
683
71
692
38
918
656
587
134
899
707
798
402
570
979
688
490
354
452
474
518
48
885
228
119
545
63
805
989
630
105
222
470
6
466
904
776
170
330
878
803
314
517
549
422
973
484
543
724
477
1
255
107
57
240
1000
913
740
125
462
187
11
358
685
899
483
270
240
413
257
906
594
22
867
955
833
986
11
473
632
593
460
737
939
892
765
467
582
898
115
738
54
642
860
544
641
732
261
278
25
568
204
677
19
514
314
100
366
929
184
494
263
651
946
783
385
727
289
899
90
54
723
739
625
646
85
421
644
765
8
902
614
550
713
495
292
859
107
305
89
360
511
215
495
967
891
231
734
78
753
468
578
881
278
235
340
52
523
951
795
514
152
827
235
227
4
628
827
765
402
113
460
538
949
335
670
706
483
397
309
213
984
161
872
599
290
582
922
928
865
275
641
599
993
608
708
267
280
503
858
109
58
741
669
885
805
132
326
295
86
694
74
257
834
336
521
493
721
201
31
958
428
573
940
976
47
930
966
345
898
686
758
637
17
635
816
275
852
329
779
594
609
902
857
758
372
340
353
773
720
183
176
745
896
945
430
786
79
396
564
481
909
852
539
795
242
286
767
56
213
617
35
463
838
56
367
664
402
768
140
773
180
444
855
398
736
539
228
48
659
923
770
457
790
532
428
394
761
235
640
353
117
265
280
218
850
496
510
402
503
90
357
712
527
965
242
664
816
343
473
382
360
242
812
891
64
27
975
926
146
533
542
610
831
542
383
840
681
826
269
1
991
660
513
442
295
870
93
165
933
280
595
520
346
485
703
164
704
30
870
19
442
425
406
735
480
650
436
827
831
684
333
33
567
643
628
232
399
409
250
598
723
972
236
194
613
121
166
535
74
895
318
774
899
210
323
59
971
594
115
993
385
359
724
949
67
379
874
60
66
269
327
274
653
37
449
816
854
953
438
217
1000
907
162
297
498
28
969
363
453
962
272
717
385
345
989
466
902
952
15
900
126
587
567
147
456
473
142
183
319
193
633
702
97
134
448
770
867
236
828
970
178
117
582
379
164
381
84
411
69
726
710
322
886
841
759
886
119
866
847
25
437
246
525
169
799
404
218
820
170
997
25
597
781
481
946
255
54
16
613
733
379
745
564
740
21
202
866
502
79
93
391
476
708
196
293
615
710
985
381
259
211
524
730
160
434
865
296
998
404
373
733
732
669
381
797
157
409
107
596
544
27
150
300
491
73
781
630
468
20
609
885
539
395
12
646
630
822
377
227
466
32
136
839
932
230
142
13
722
725
191
913
672
160
2
335
186
726
616
578
163
754
863
421
568
716
449
54
612
469
12
673
257
288
38
680
936
755
503
719
29
173
547
77
682
985
490
775
21
761
926
319
97
982
393
499
7
147
416
432
742
242
943
580
174
246
562
250
981
24
886
464
283
741
290
517
913
203
693
527
305
788
205
281
409
36
169
225
346
405
236
967
144
26
495
577
749
104
449
411
358
399
837
428
209
584
448
340
569
106
798
330
248
205
201
418
793
975
572
220
695
164
994
351
485
512
574
515
410
416
526
287
1000
255
545
759
706
828
866
383
16
569
73
509
640
270
220
952
259
948
191
535
993
310
845
597
793
49
793
72
937
940
638
496
415
722
191
589
722
364
20
81
168
268
953
284
364
701
501
30
803
270
964
760
116
517
137
475
522
368
932
506
383
614
84
60
950
556
809
921
813
252
608
990
30
80
388
803
240
852
869
793
326
754
976
73
228
799
587
816
74
426
795
198
463
924
676
78
410
442
180
368
679
416
4
482
437
1
428
733
712
585
66
68
40
867
71
191
613
750
742
701
637
306
578
864
116
497
251
898
127
56
508
54
813
756
124
977
666
10
486
168
209
71
432
171
189
382
821
150
108
280
487
360
721
349
404
900
300
744
740
653
368
105
13
551
697
796
970
408
361
807
7
142
941
1
937
634
904
502
966
201
660
335
849
900
344
46
79
829
186
95
811
282
274
58
850
558
121
692
621
34
437
974
225
707
842
485
420
333
726
184
261
678
601
1
368
197
230
290
174
920
947
897
957
925
185
214
465
800
168
945
510
508
195
224
49
85
123
414
802
545
258
344
800
671
823
576
361
871
473
964
812
217
241
170
798
154
960
338
213
314
786
5
515
864
702
979
899
662
380
520
225
865
842
496
385
849
538
930
448
527
731
425
846
964
50
957
704
222
172
577
305
357
739
941
352
820
852
379
34
667
729
311
165
538
895
583
566
512
886
706
623
264
904
677
489
37
208
472
713
148
809
944
194
664
784
997
344
364
927
203
124
40
318
46
513
110
96
335
353
543
16
324
892
567
342
139
167
711
769
486
573
473
34
26
869
421
819
561
919
522
787
112
836
737
632
891
481
499
223
69
79
363
938
851
203
758
982
1000
597
311
936
923
783
255
460
964
236
73
914
438
602
540
790
213
205
178
577
49
986
861
433
428
884
16
170
485
535
483
575
327
135
857
530
179
251
740
995
473
772
320
176
654
84
5
97
119
605
126
903
836
95
558
201
552
509
906
75
253
996
458
419
652
289
873
393
810
814
43
922
206
257
286
329
446
665
681
83
218
78
602
45
384
956
604
396
734
251
781
697
919
663
541
111
20
751
546
610
948
907
785
838
566
71
479
25
371
902
277
286
897
165
98
527
929
494
602
670
610
293
492
664
519
539
194
943
99
700
65
610
29
511
40
651
734
690
566
141
887
975
44
295
168
502
417
569
971
232
684
683
951
886
580
213
745
556
676
894
220
38
290
372
897
893
718
324
922
629
1000
343
776
374
794
890
652
317
709
544
594
183
727
646
714
146
169
466
257
935
503
561
428
719
545
820
516
217
423
430
133
590
569
237
320
314
140
570
73
942
584
918
730
622
726
883
206
364
335
541
139
48
704
859
342
373
282
22
930
712
37
997
435
863
517
185
141
876
572
420
186
165
79
177
48
114
933
232
216
90
194
17
507
289
754
202
607
426
976
278
607
53
94
332
809
662
815
713
569
874
416
931
739
470
646
116
838
238
673
455
795
670
53
954
629
641
777
263
226
923
784
313
143
845
213
16
563
989
948
233
434
335
788
756
217
245
632
747
9
566
156
389
708
341
637
796
957
161
537
337
652
685
950
409
295
427
327
772
436
25
440
755
850
472
554
659
856
933
962
762
949
175
332
45
943
412
134
931
191
543
823
698
705
506
862
484
369
835
734
253
753
887
415
468
847
728
176
916
443
916
784
790
678
220
733
668
831
525
556
268
87
878
30
559
948
463
803
621
466
162
424
183
133
473
380
1
868
268
377
690
503
572
726
841
929
697
593
286
824
669
218
170
185
963
306
371
841
903
706
192
391
348
337
302
141
172
989
661
996
951
402
378
95
779
120
681
920
563
254
510
695
968
941
520
561
465
912
675
293
544
767
273
986
667
891
653
28
115
356
899
765
565
270
519
816
123
425
33
896
390
496
537
688
217
17
36
980
205
363
115
268
789
894
165
552
781
164
689
807
532
22
162
34
379
337
622
61
185
495
581
118
324
265
451
630
206
954
353
364
722
143
703
753
25
259
854
462
998
215
829
969
58
582
547
47
60
23
371
675
553
516
233
724
756
863
967
461
18
876
532
894
956
33
842
656
682
17
418
558
393
768
950
407
736
666
267
671
861
197
929
381
775
92
641
832
463
589
242
722
344
698
167
495
384
115
305
766
258
501
236
334
850
212
920
500
628
580
919
352
113
669
685
488
639
173
337
316
715
311
359
753
854
833
328
113
857
755
615
879
879
339
328
608
142
262
543
957
680
545
137
61
508
350
795
136
276
57
718
126
780
794
940
93
438
741
42
689
84
901
441
286
59
695
322
42
392
338
830
213
522
653
479
202
819
801
111
703
228
493
347
984
268
649
779
819
701
418
961
156
444
595
635
896
347
845
374
262
636
677
977
473
684
579
980
755
513
980
908
116
754
261
108
160
82
752
200
262
736
899
745
644
869
579
40
8
235
816
129
122
895
210
742
493
803
633
644
300
459
394
758
473
697
605
677
792
407
411
497
555
841
125
286
207
764
504
189
555
183
661
390
512
156
293
855
636
603
593
204
57
