#seed = 1201
488
466
986
224
352
526
298
308
892
839
672
671
597
853
710
279
6
659
593
563
814
694
636
646
785
265
105
675
948
899
663
371
291
394
533
433
665
793
905
911
362
869
613
218
720
437
822
23
905
968
203
89
545
360
199
651
913
68
602
855
612
475
354
25
810
220
865
142
291
379
668
438
985
38
552
344
786
597
257
757
857
864
752
828
248
666
360
605
796
115
277
681
901
12
57
214
689
819
228
201
452
687
800
764
949
845
47
407
408
496
881
738
27
480
69
385
728
393
803
888
302
492
364
797
236
914
95
406
28
733
689
903
511
761
384
550
866
271
980
338
237
347
355
101
356
67
255
226
972
384
878
441
59
873
493
664
828
498
186
308
854
764
413
413
433
6
113
895
532
897
941
492
997
225
418
223
982
631
393
188
184
147
915
884
87
759
315
324
930
527
659
92
949
212
794
797
389
344
119
916
359
236
925
19
821
6
571
95
678
286
463
436
953
790
686
188
846
74
210
494
553
597
289
683
460
283
486
908
991
389
94
544
375
119
25
10
208
246
138
334
648
693
165
420
122
174
525
173
284
125
591
163
229
376
166
509
166
11
3
103
268
161
281
248
655
797
387
357
939
181
595
483
520
176
815
705
208
414
873
204
876
214
740
749
891
525
111
373
72
130
967
456
967
463
629
623
789
633
104
24
481
136
521
672
650
82
874
960
462
770
561
245
556
967
495
593
734
583
799
496
927
930
293
285
253
402
405
74
307
768
781
798
718
234
352
321
842
536
8
531
592
831
799
691
110
85
810
484
259
186
827
25
901
695
665
752
729
737
918
845
742
174
325
869
751
280
630
683
915
911
903
248
667
80
904
395
47
219
283
624
997
491
959
900
439
911
888
615
856
485
164
842
467
38
716
528
15
941
581
537
931
320
322
82
730
521
392
816
875
855
389
698
304
389
494
303
433
36
588
389
397
484
762
280
156
77
870
403
547
341
609
793
428
506
549
756
250
870
554
71
438
619
85
911
193
932
693
211
215
171
915
429
260
321
581
881
518
528
143
818
198
772
768
52
564
608
508
164
38
860
3
403
76
764
477
881
691
28
688
31
413
936
232
381
906
872
705
482
573
233
156
625
884
998
316
920
21
381
484
357
482
518
935
609
137
558
507
814
427
274
322
381
143
479
159
815
610
614
570
622
324
188
311
164
378
440
897
273
300
438
351
122
419
504
585
828
961
548
49
817
148
185
888
361
544
403
668
609
1000
958
907
401
41
999
766
103
244
597
285
730
597
391
355
841
964
663
238
345
272
204
325
901
819
269
158
280
766
993
651
270
633
364
264
624
391
380
500
759
908
650
626
336
116
315
27
277
874
798
777
644
393
552
378
136
539
19
591
149
995
373
64
818
9
293
759
743
609
280
301
422
936
353
188
86
101
176
371
297
920
257
791
936
706
477
972
69
800
814
80
349
773
187
248
97
458
171
34
145
397
399
742
97
436
760
793
720
820
160
247
643
906
740
388
241
149
327
800
7
326
506
517
4
574
214
598
990
882
148
525
707
733
268
305
132
907
179
739
716
157
680
723
806
237
156
636
532
504
401
400
276
675
675
897
933
155
100
286
831
765
620
750
576
774
85
27
443
985
68
774
428
915
987
36
254
420
868
122
597
717
864
506
567
528
806
249
372
872
663
332
63
982
597
543
461
133
100
529
267
979
65
856
548
324
287
404
695
236
288
11
39
769
904
40
84
275
782
801
694
873
732
204
930
777
573
916
430
364
470
910
686
188
645
466
361
546
742
697
405
192
397
586
222
64
781
544
22
647
415
268
471
450
206
530
532
643
559
978
173
544
959
334
929
776
28
451
550
507
405
638
708
237
718
516
351
286
587
550
27
457
773
735
130
431
235
155
961
535
512
61
769
221
802
181
497
428
147
869
624
425
448
175
632
998
223
437
678
911
725
84
966
100
413
653
604
507
85
841
693
250
763
561
844
990
316
240
224
851
77
773
482
737
723
744
141
855
692
720
550
238
104
535
867
693
706
787
512
476
17
210
468
415
60
393
314
745
834
57
660
362
126
895
545
655
513
382
711
965
594
914
996
729
864
180
6
87
849
813
803
653
907
841
666
754
207
810
864
305
917
390
23
724
627
662
377
55
375
635
778
987
180
791
907
971
57
125
435
166
892
87
576
849
518
202
635
632
904
72
586
369
316
218
295
126
254
719
333
893
409
549
290
5
694
107
72
487
103
624
550
375
401
900
788
637
528
98
516
740
4
942
139
447
433
984
422
187
885
125
650
117
379
447
555
688
500
633
198
531
605
688
283
709
723
609
882
654
491
939
735
771
94
985
647
805
354
927
122
31
276
821
683
234
856
677
66
567
675
421
914
121
168
242
558
108
591
657
23
710
28
131
97
768
371
980
356
568
625
216
277
871
853
11
812
954
918
971
321
687
518
693
56
958
476
56
723
665
984
305
495
834
191
388
262
575
782
493
371
556
834
544
805
62
406
811
554
959
215
301
405
779
121
675
803
454
357
743
262
416
378
125
92
470
231
412
762
853
939
373
578
381
171
524
301
25
586
464
113
407
248
408
378
920
913
867
583
653
702
68
116
355
553
385
701
14
537
254
746
302
990
787
5
47
606
119
800
931
238
287
604
132
604
175
477
377
313
923
177
551
612
666
631
689
81
256
156
45
449
687
216
396
571
393
455
342
64
61
900
256
909
419
368
3
865
973
16
34
549
597
293
840
211
141
844
411
135
911
869
657
539
97
225
981
295
404
317
550
325
130
708
101
539
193
600
985
121
208
809
728
106
189
158
108
575
753
319
15
567
441
278
829
827
610
154
429
853
927
987
435
505
474
564
133
204
533
129
920
641
475
578
454
810
889
600
54
36
818
613
417
603
315
400
436
516
28
237
599
362
408
227
600
919
497
703
77
924
506
455
692
725
979
296
121
75
419
16
924
245
605
72
635
281
657
113
123
611
837
296
775
376
240
444
643
525
140
931
104
416
613
284
387
648
450
872
244
257
775
178
544
23
868
949
772
84
118
53
399
52
248
301
586
741
134
888
398
853
909
827
898
723
762
631
64
688
142
532
835
574
674
521
880
206
589
625
549
968
815
175
2
323
137
794
419
460
52
371
799
59
474
835
328
498
909
162
775
287
210
602
403
672
384
626
118
982
771
86
748
890
616
428
977
99
437
489
62
346
495
82
880
765
302
423
197
640
217
1
11
10
169
637
143
346
677
472
527
170
722
394
853
884
732
119
888
554
62
144
840
914
122
737
286
285
45
11
606
345
122
545
226
932
153
768
316
601
460
704
479
807
174
231
995
780
425
709
331
50
298
146
916
720
250
539
221
969
252
603
926
977
494
374
6
227
182
113
149
55
770
93
538
209
700
555
410
278
304
761
182
552
124
418
559
520
451
644
713
386
597
907
145
124
527
363
804
73
290
570
54
978
907
180
252
748
614
920
598
605
696
728
364
663
832
814
516
223
728
801
918
151
798
623
588
239
89
525
25
763
211
209
428
782
930
520
825
292
658
556
420
837
355
77
667
253
50
353
944
88
38
718
735
955
449
571
74
573
802
119
719
653
75
873
410
381
540
182
732
524
795
873
528
202
837
477
414
724
702
598
262
295
33
310
114
753
900
171
88
827
324
253
587
674
264
542
285
725
612
74
571
633
621
21
269
344
635
692
16
393
80
51
338
352
612
46
314
822
995
987
217
907
619
757
641
624
165
691
432
537
47
167
496
655
484
115
519
868
849
757
382
328
389
859
529
464
940
505
618
550
440
808
194
403
429
888
412
249
654
982
271
526
641
737
9
354
436
382
859
897
739
460
965
12
104
602
230
498
565
572
599
156
568
436
781
999
715
973
642
762
320
482
167
102
678
261
568
53
674
708
692
972
516
806
199
826
973
44
638
619
818
434
590
798
200
132
449
825
732
165
46
94
997
515
212
87
417
87
90
62
864
368
46
439
441
375
49
630
720
605
316
997
800
976
777
6
418
708
127
999
298
903
859
747
627
453
728
997
23
594
908
231
188
998
854
352
30
722
183
940
869
913
732
6
459
625
493
345
284
161
221
36
754
316
983
267
604
836
249
778
795
946
88
925
873
402
96
802
622
27
253
448
552
611
547
897
846
594
422
923
809
181
815
452
480
555
140
859
46
676
619
244
714
813
810
419
75
815
350
114
246
376
271
413
86
249
164
683
470
574
664
303
37
797
144
764
327
310
175
15
364
441
457
78
360
900
328
247
199
323
638
67
842
690
568
881
601
831
499
782
879
418
463
34
517
22
196
743
380
729
532
827
51
575
215
948
904
349
461
547
447
361
892
441
837
247
966
470
375
855
549
168
932
738
622
576
283
202
520
241
571
521
575
250
365
754
242
603
183
124
733
844
280
909
899
128
492
603
171
288
507
742
470
53
714
137
827
85
293
31
399
271
327
922
868
993
640
918
621
310
81
300
803
886
639
771
527
325
426
577
685
829
833
728
681
591
668
899
168
61
14
87
406
835
725
855
519
708
486
335
188
281
866
314
373
556
887
7
533
531
380
526
750
335
598
625
258
540
600
365
763
91
2
560
392
539
728
364
20
103
565
17
972
257
613
978
437
555
820
877
296
446
454
614
883
44
412
701
406
759
671
283
982
461
805
444
137
835
413
830
503
950
960
185
345
848
878
46
128
151
578
105
381
210
524
907
617
597
921
296
680
669
32
920
70
557
851
753
30
749
504
513
603
236
764
657
117
156
147
557
499
292
86
656
79
484
249
292
226
393
695
983
68
72
197
505
432
847
441
834
882
903
189
528
574
342
27
126
830
849
782
529
776
254
506
124
778
799
850
203
155
99
4
572
343
710
483
353
246
897
1
826
705
708
783
504
114
768
106
820
800
161
331
158
380
184
596
346
723
471
418
68
183
990
291
20
156
939
422
749
53
301
689
231
400
801
378
260
397
181
430
640
302
658
280
545
115
184
351
510
781
249
814
276
348
279
937
772
520
249
577
216
832
128
84
76
275
361
452
577
865
779
714
332
460
799
39
966
248
152
383
244
365
224
986
311
141
498
432
814
270
694
65
895
181
758
158
436
13
960
455
634
171
908
546
957
383
957
20
624
937
948
1000
265
357
312
929
544
869
874
486
655
210
669
401
421
447
931
171
501
770
58
440
596
535
597
474
168
594
847
557
483
833
970
14
239
140
573
665
363
706
821
541
716
1
546
406
687
258
714
247
450
886
619
650
698
57
754
646
239
714
281
180
452
979
612
254
155
732
932
259
494
374
653
59
159
78
554
564
272
657
753
175
527
558
320
34
649
285
974
531
272
82
983
989
183
61
575
338
74
569
680
870
762
695
591
251
214
262
24
198
461
985
250
830
760
886
340
316
533
382
23
315
733
94
670
734
983
9
519
736
270
456
605
420
61
711
415
297
451
692
184
513
58
71
289
695
97
529
692
339
857
130
751
388
284
19
304
624
233
132
504
915
412
500
32
57
179
971
976
610
148
157
447
801
954
461
668
80
134
683
667
492
921
892
915
721
423
116
692
162
264
659
429
71
945
225
244
195
215
799
607
856
547
748
519
938
497
504
581
893
387
776
453
475
330
935
318
110
292
166
339
806
617
280
76
176
631
316
525
324
350
607
160
865
726
373
847
919
852
452
881
520
436
374
998
907
416
17
150
671
126
780
915
601
423
984
919
618
364
480
415
769
323
311
447
584
136
669
576
796
215
485
612
454
557
558
874
98
510
260
53
305
680
66
495
887
95
663
11
498
2
706
455
565
251
786
864
385
916
879
560
319
725
111
930
780
2
470
838
721
480
413
392
6
200
597
755
723
324
176
691
179
847
693
680
869
98
22
822
16
424
7
473
250
418
598
766
701
695
265
349
886
707
880
899
204
353
912
900
514
499
249
493
777
662
397
662
901
611
254
590
489
287
602
378
281
452
373
598
877
168
44
548
941
435
705
457
126
527
440
532
63
24
893
803
496
274
735
302
64
138
669
772
136
85
628
692
274
788
162
124
24
801
90
653
482
155
756
32
64
165
840
617
55
406
591
850
732
25
990
51
603
796
984
140
434
573
431
613
199
625
439
701
42
174
135
6
48
72
437
674
910
393
116
735
614
601
197
501
545
254
863
113
433
516
476
922
50
925
930
296
596
980
458
332
815
500
176
883
204
485
376
972
180
214
617
369
176
718
289
146
900
468
685
556
808
855
107
977
716
992
942
777
199
860
813
175
764
277
128
598
234
775
752
746
71
296
339
251
848
145
656
923
511
17
389
753
154
977
242
894
860
770
449
13
954
394
877
376
788
142
572
965
757
897
307
663
353
443
116
921
27
165
774
93
112
680
178
139
211
285
213
861
582
927
406
63
977
909
902
948
315
715
39
643
554
664
171
104
600
299
178
511
668
406
815
756
842
173
544
654
176
456
584
458
166
843
314
283
498
855
212
678
965
105
94
476
125
112
957
465
135
220
881
282
944
946
7
764
129
164
508
334
901
893
639
40
809
530
400
309
135
964
419
852
502
58
604
261
993
836
38
190
538
362
564
493
611
962
818
816
865
313
89
104
694
753
197
820
473
824
669
866
116
145
503
936
642
420
453
145
155
120
304
707
765
361
719
917
521
164
140
973
423
360
651
663
638
983
248
410
148
529
44
605
534
833
675
559
670
289
446
276
30
681
120
275
61
581
151
92
733
932
352
831
853
292
887
168
50
875
738
598
509
817
249
362
129
273
981
509
444
430
2
267
928
555
586
203
596
122
743
168
827
653
332
874
41
323
968
61
806
451
353
292
816
300
321
318
873
421
752
78
682
680
397
608
994
305
698
327
960
228
403
244
817
484
98
193
926
424
43
108
269
241
799
343
514
526
743
348
433
128
855
21
459
66
388
553
867
967
44
691
204
863
488
245
257
821
944
866
680
784
435
760
220
553
969
948
821
796
552
40
214
135
207
215
747
407
435
706
101
18
523
955
556
280
234
182
903
970
552
919
883
173
357
190
902
840
964
871
679
344
135
310
260
509
725
928
526
557
364
317
821
726
197
58
284
865
835
819
625
2
119
901
907
884
916
897
904
9
746
892
978
551
945
979
270
430
187
844
225
190
174
648
574
582
732
797
168
575
665
968
265
495
241
575
581
521
932
685
678
265
959
78
556
813
832
426
961
776
838
295
438
296
322
734
518
415
814
360
293
350
248
186
892
541
858
331
60
416
810
918
371
356
265
338
360
791
131
135
168
804
602
892
923
86
278
868
566
876
149
239
333
763
187
340
109
41
726
67
755
549
105
736
117
349
947
445
435
79
651
911
480
593
739
480
515
27
334
77
413
962
198
581
814
944
518
394
273
263
833
740
752
445
262
960
925
872
41
928
487
794
542
869
965
160
60
79
786
357
188
77
805
612
797
31
211
802
646
64
732
458
399
386
55
922
932
546
170
418
734
562
162
581
8
917
19
752
939
149
868
471
103
928
211
103
446
361
80
518
182
875
249
614
172
504
490
9
575
840
414
111
584
653
950
290
236
195
477
570
875
789
310
741
352
402
282
534
197
831
978
270
835
550
45
816
899
924
390
286
588
168
846
706
593
574
753
383
782
820
87
797
151
428
858
803
829
1000
351
94
558
44
459
360
144
397
907
836
505
912
760
926
654
197
413
648
687
809
486
646
627
531
79
523
165
982
814
732
722
197
430
659
997
942
57
742
801
789
201
165
91
641
203
699
34
411
376
836
412
530
337
933
982
884
479
320
375
95
533
990
97
582
298
703
110
527
502
14
803
873
609
520
931
786
467
611
483
663
803
730
261
749
15
678
603
515
548
265
690
131
923
492
217
758
688
833
388
84
632
922
257
381
999
8
6
17
340
32
589
459
129
704
518
941
938
327
783
781
665
410
66
557
204
210
803
65
204
635
653
481
258
512
672
133
264
546
176
192
738
112
797
590
71
967
851
599
240
130
30
933
443
358
187
66
364
548
693
843
97
674
27
961
353
203
419
414
688
697
941
636
681
981
366
409
841
382
768
663
948
133
722
320
886
825
937
510
768
598
923
624
372
809
451
673
439
742
918
267
531
522
89
177
54
405
445
874
770
743
536
656
218
251
625
656
181
360
616
389
978
820
880
869
97
540
161
93
538
967
942
552
492
681
632
555
659
58
133
956
999
638
489
632
326
240
855
843
21
863
60
802
456
547
616
573
43
848
761
721
20
209
750
570
504
248
334
301
118
954
123
323
644
728
974
113
132
687
111
92
130
801
320
843
693
965
928
773
239
889
431
25
483
624
883
796
938
310
174
932
650
255
513
755
956
664
98
272
64
854
125
192
855
467
786
914
925
631
763
919
441
946
447
232
122
815
600
298
144
333
998
964
755
127
966
361
204
123
882
681
631
760
206
602
913
40
508
140
4
109
469
561
220
536
469
979
605
84
865
96
507
729
264
705
966
677
619
992
840
605
923
295
396
769
405
870
68
509
676
644
183
379
299
431
677
822
621
382
785
914
275
555
794
719
817
998
717
581
406
405
443
49
151
200
131
717
543
176
35
117
940
567
480
77
936
651
360
129
283
77
976
325
754
238
543
803
758
800
182
266
187
210
490
571
531
342
136
887
335
125
491
77
297
418
317
24
929
835
920
412
898
291
136
449
616
517
375
944
905
172
756
906
701
797
529
960
907
678
31
829
545
976
952
328
767
991
657
654
553
762
810
236
624
630
123
338
459
925
373
771
31
987
139
728
976
409
491
404
787
11
772
722
482
701
405
691
218
794
80
796
933
300
882
5
455
664
527
996
823
736
542
727
556
364
847
488
145
715
637
514
38
835
788
234
869
128
167
418
158
577
478
871
127
558
915
993
140
885
559
163
679
948
990
704
308
561
964
318
491
294
930
695
58
216
281
985
415
94
730
248
503
6
143
209
646
459
106
47
515
691
288
619
639
301
889
756
98
192
790
622
834
982
287
750
146
503
361
443
403
202
945
513
369
974
16
560
164
775
186
369
88
388
52
424
580
989
50
748
604
667
82
292
443
7
16
132
985
796
39
373
333
424
201
578
303
237
619
62
909
471
984
571
231
574
625
86
505
962
981
159
821
598
667
196
466
686
833
540
293
106
407
121
882
773
470
199
375
919
622
409
181
445
192
634
788
955
273
777
66
664
728
342
176
215
117
226
2
798
605
51
32
639
814
220
317
812
571
459
995
631
380
715
961
759
166
362
883
599
906
661
916
417
557
352
403
768
500
98
751
875
729
300
615
589
846
306
771
73
381
626
825
234
345
42
709
737
765
454
328
448
247
975
531
851
601
231
288
734
780
584
837
873
992
900
910
529
149
111
431
832
775
641
947
212
162
864
11
13
450
611
102
80
796
329
401
609
455
447
964
245
297
552
209
53
904
854
417
310
989
775
941
86
814
60
958
857
89
547
17
761
304
180
83
396
526
544
756
159
564
621
891
945
544
918
383
2
970
615
68
442
532
175
202
422
902
446
366
253
4
230
67
96
668
614
785
664
303
224
352
890
508
572
673
853
483
462
649
348
389
27
547
799
285
737
489
964
59
516
271
771
261
84
700
535
754
172
949
832
461
214
384
189
242
17
866
302
56
908
869
784
739
317
586
754
717
50
143
45
536
969
61
368
418
267
976
113
406
195
900
95
35
276
528
388
243
400
970
48
170
629
839
481
977
977
613
231
806
367
591
355
826
482
908
448
54
534
172
610
955
214
96
730
149
175
45
411
787
500
117
343
341
443
2
187
194
748
135
234
246
362
109
180
548
90
703
471
581
33
27
198
813
634
814
645
479
868
66
455
245
345
294
775
414
99
866
106
971
970
590
654
927
329
326
644
27
30
612
368
676
631
74
617
626
602
906
436
693
445
948
667
110
733
99
643
983
666
172
531
256
558
460
960
599
918
350
614
211
209
709
632
101
662
868
112
988
507
984
459
140
600
454
507
145
921
894
880
550
378
523
665
668
941
862
588
993
783
231
397
520
656
184
283
398
201
357
966
840
848
315
517
510
431
244
164
508
771
37
154
557
456
660
904
388
914
401
790
361
358
279
152
333
135
735
917
146
764
986
856
721
198
809
455
233
72
67
537
641
759
970
93
90
193
250
197
284
274
303
777
764
841
538
840
814
33
15
450
613
299
102
913
996
537
877
773
416
173
86
798
308
192
570
876
288
191
266
675
752
848
957
267
484
418
467
739
729
586
84
365
387
74
398
789
405
916
738
443
647
284
970
944
122
491
713
428
476
232
342
958
259
65
135
670
663
287
494
68
536
559
314
531
464
29
189
488
415
203
381
452
866
552
114
737
783
131
555
18
600
990
501
378
193
864
377
742
816
515
472
591
480
964
325
352
545
320
952
958
607
267
355
549
221
780
274
407
463
893
572
231
145
383
72
524
416
610
598
585
994
561
244
753
12
292
113
952
968
567
177
988
25
368
230
602
461
238
391
157
973
181
776
954
708
765
229
111
578
938
212
874
356
479
414
541
97
28
522
694
267
406
895
861
40
509
307
919
773
281
764
600
470
293
818
997
876
702
368
823
331
493
229
724
367
64
507
831
963
727
780
272
173
41
859
430
889
887
694
1000
121
376
422
651
662
12
384
453
941
941
92
833
305
63
119
268
608
560
639
348
85
433
26
240
146
453
3
889
72
649
923
912
309
353
488
642
256
892
636
462
211
69
757
768
725
659
348
917
84
850
396
622
156
848
90
770
806
140
667
916
128
160
406
676
949
823
854
897
377
985
676
812
154
268
320
288
462
125
33
397
606
148
993
515
44
645
182
500
718
747
974
563
870
463
202
920
877
462
445
525
756
640
810
787
383
685
928
757
654
562
867
998
97
873
215
863
32
87
267
592
316
758
48
864
102
11
445
432
289
890
25
433
950
653
651
254
229
428
985
244
114
814
612
125
732
493
188
428
405
592
757
252
654
369
374
153
331
831
73
799
438
871
60
97
979
91
804
58
567
308
496
192
22
180
361
838
168
444
100
888
719
196
232
801
231
841
995
841
322
72
764
427
175
113
836
258
990
359
135
595
363
371
344
421
389
136
526
501
682
954
793
46
601
808
952
158
347
616
211
444
806
225
744
510
464
868
749
719
53
100
400
876
628
116
686
447
708
927
590
781
399
3
402
83
944
679
465
166
430
796
651
431
757
79
579
925
797
172
426
780
561
638
989
115
343
43
797
315
887
37
375
348
113
595
64
866
735
510
767
492
460
95
711
181
449
462
543
723
226
789
511
365
889
499
721
218
550
820
274
860
849
197
396
916
814
758
337
55
876
953
