#seed = 404
643
597
274
393
662
6
382
387
95
996
807
351
774
486
641
247
286
10
239
603
685
209
452
553
226
324
303
33
688
223
20
84
377
569
375
553
286
357
219
315
306
312
9
291
879
711
460
973
616
244
97
361
149
332
268
169
941
953
30
234
758
263
107
321
696
461
215
971
119
995
705
408
623
874
871
173
394
811
289
429
141
576
138
84
617
945
376
576
52
333
837
68
408
838
414
514
532
382
480
164
238
379
259
271
866
869
191
148
964
552
835
84
369
403
900
472
812
835
746
186
948
260
63
124
642
542
696
83
9
80
358
471
6
155
30
962
567
205
628
650
168
457
671
469
680
896
93
312
530
854
535
732
687
139
680
701
529
348
311
496
427
725
123
625
900
358
270
695
874
63
418
820
587
449
561
876
462
859
177
817
176
846
707
600
667
709
436
773
65
124
517
350
358
235
237
430
691
751
15
312
671
951
54
342
496
662
28
45
327
89
610
183
938
950
578
260
354
375
416
205
173
178
583
776
142
190
496
833
944
916
892
955
90
175
883
627
164
50
382
852
287
893
942
141
115
939
103
499
146
972
7
668
737
577
17
506
847
49
214
295
814
519
347
83
871
190
437
424
778
106
89
286
362
876
320
496
903
58
31
49
461
968
525
332
306
719
414
40
629
672
877
124
330
470
230
868
2
333
681
952
383
562
498
885
149
233
437
59
163
173
558
491
257
680
951
18
588
967
339
470
317
80
480
531
399
771
162
595
151
338
873
576
334
134
612
303
466
904
839
699
643
617
736
19
777
343
728
433
506
372
565
984
633
924
563
769
170
851
666
426
490
472
523
652
932
426
917
31
966
886
492
252
58
930
793
959
256
313
916
151
513
636
525
395
886
385
403
634
415
946
20
999
607
260
435
912
997
2
199
473
230
862
184
546
109
812
260
841
388
827
760
733
404
849
674
105
577
186
963
457
153
900
466
861
403
673
11
967
140
434
71
145
300
125
349
288
295
867
254
471
328
481
254
10
392
200
678
920
540
147
767
3
764
485
257
792
536
364
545
517
389
222
953
796
229
38
689
11
301
907
563
852
56
678
540
272
624
149
887
827
68
393
291
964
581
320
709
436
747
480
760
456
877
169
288
60
414
326
791
878
194
640
887
917
799
334
294
788
721
692
751
158
734
799
404
895
728
19
81
885
80
129
213
82
456
393
226
407
361
199
307
718
603
141
293
4
939
13
126
297
110
745
330
61
908
393
605
217
976
40
67
800
740
468
202
384
673
896
289
192
828
480
138
639
875
432
826
142
383
968
450
300
860
80
830
421
268
348
90
710
666
309
453
127
385
28
285
501
917
315
754
651
681
682
407
740
399
651
866
136
183
611
53
89
183
917
677
33
768
36
264
89
585
596
564
896
821
150
482
126
383
231
425
540
966
915
558
763
555
99
49
101
159
425
676
627
730
235
692
916
718
508
706
767
450
963
3
662
418
229
915
623
156
998
465
175
269
391
836
605
234
892
347
161
115
774
409
175
745
520
391
548
24
744
844
228
864
20
528
437
581
901
782
139
647
557
407
65
124
633
235
361
344
523
595
128
527
558
690
185
233
686
26
524
724
492
362
179
176
548
37
569
651
451
526
495
373
352
551
885
709
765
250
105
770
218
942
862
655
542
763
628
462
499
112
240
557
949
313
81
757
287
231
694
902
803
808
839
977
819
21
510
998
144
858
906
372
38
280
912
535
754
254
77
539
57
103
205
302
143
92
393
828
81
34
697
412
383
862
118
536
209
805
690
906
309
649
535
257
642
765
960
43
389
649
512
788
125
785
181
221
677
287
961
760
141
202
797
704
981
174
337
573
112
322
660
420
41
257
397
462
796
560
836
247
491
631
992
622
587
475
190
661
139
39
594
926
73
418
886
685
713
780
980
301
658
458
809
794
327
937
680
422
839
559
567
423
305
28
298
381
39
752
595
361
206
623
723
321
368
151
344
313
686
770
146
811
597
583
691
471
603
18
91
965
782
956
885
599
474
981
490
20
805
525
384
279
889
379
366
142
845
589
863
231
776
710
280
252
179
637
984
503
978
578
283
465
431
171
243
339
26
301
787
952
553
583
129
106
536
87
824
25
734
168
935
690
452
619
906
420
25
554
842
334
895
52
324
731
348
442
163
536
966
1000
962
196
871
992
322
958
328
984
620
941
989
163
405
376
709
741
883
646
452
792
847
607
486
924
745
18
514
107
922
848
537
883
51
389
386
876
912
815
820
297
824
574
143
3
499
212
647
121
152
790
422
404
650
232
252
31
527
408
998
108
509
96
800
489
97
582
72
689
749
721
985
166
493
722
208
237
999
554
623
906
533
714
372
674
376
284
781
864
474
17
18
991
743
948
174
102
585
308
979
209
647
144
2
100
154
98
700
794
700
181
872
684
757
443
786
990
147
167
147
379
877
178
211
664
604
377
296
462
71
955
345
801
697
336
899
574
337
116
663
393
126
915
879
972
165
991
627
827
480
501
117
860
813
542
157
477
904
353
305
598
966
534
52
877
87
613
777
984
559
660
333
932
553
439
863
492
744
698
949
22
212
322
852
584
77
354
235
576
464
442
981
601
187
705
945
488
589
339
160
54
847
477
282
793
562
45
493
667
652
95
651
155
178
770
542
778
755
810
915
950
854
854
905
987
233
121
556
664
304
606
706
45
334
36
498
258
491
585
884
74
498
371
48
222
894
273
831
14
889
825
552
451
960
107
688
480
781
449
737
759
554
490
757
376
528
940
928
411
370
695
176
646
993
225
610
827
764
276
457
505
859
187
29
555
441
619
766
197
779
183
596
650
745
707
997
219
944
50
218
50
858
523
46
372
939
622
667
197
752
573
875
110
86
525
728
641
196
676
208
549
95
364
97
789
240
973
541
562
939
681
538
953
439
433
625
136
533
469
536
425
455
913
142
489
30
659
643
66
272
976
546
900
92
566
612
915
627
876
497
722
85
582
205
45
909
861
877
956
426
771
725
235
243
836
672
966
815
416
763
810
798
957
158
183
759
673
728
914
414
213
598
198
801
269
871
506
296
499
735
126
32
428
846
679
682
722
845
242
612
73
356
157
283
941
499
673
875
912
475
228
110
314
303
458
477
672
837
12
21
279
523
857
1000
27
799
600
127
504
472
56
722
777
178
359
868
414
754
486
381
456
687
294
845
8
385
883
954
686
361
38
711
278
955
193
593
988
940
380
22
864
485
812
692
76
817
331
572
123
1
659
25
860
793
699
921
403
871
932
751
649
447
885
921
994
22
11
757
828
889
501
899
343
121
43
79
952
365
222
751
63
908
522
915
721
614
321
133
176
229
713
638
509
741
877
497
976
141
170
321
887
250
343
907
226
623
296
727
783
2
772
601
480
165
849
462
874
888
170
301
161
152
535
715
575
782
818
723
764
502
218
728
640
154
208
560
387
555
807
504
877
668
9
814
801
827
996
415
276
748
403
413
860
339
560
683
459
430
328
593
219
677
431
183
603
15
98
672
520
226
188
261
991
406
104
450
646
775
221
689
386
566
40
561
947
531
282
122
740
56
842
920
479
524
406
562
525
915
555
574
371
663
308
547
352
446
382
386
419
935
546
233
977
281
252
309
644
483
321
212
695
330
381
573
365
506
450
268
986
99
133
502
417
519
186
429
325
374
655
144
564
135
894
803
332
923
660
798
441
839
223
756
575
342
93
363
226
448
119
42
469
508
284
164
735
357
730
184
985
387
727
658
108
649
14
306
240
791
493
575
688
116
186
55
601
977
454
662
168
20
906
288
843
648
942
708
120
334
192
856
929
762
450
539
985
884
444
467
825
1000
104
220
883
765
53
25
728
103
299
722
925
306
606
594
719
220
853
43
295
500
57
752
345
101
243
855
414
65
558
410
594
524
124
49
720
943
957
277
553
876
921
75
267
381
63
67
574
780
510
388
722
966
704
333
76
625
703
659
583
206
536
154
623
349
84
146
113
637
348
576
807
52
181
229
408
345
481
215
635
859
125
642
11
509
858
387
78
194
546
961
392
23
340
88
422
897
603
291
644
515
432
421
527
523
736
501
726
170
57
52
291
311
182
227
904
464
697
190
93
172
176
167
325
583
704
648
872
274
486
809
452
62
61
658
628
157
409
733
819
374
938
924
561
867
996
202
188
808
923
249
538
394
940
7
851
210
927
677
155
69
537
959
5
617
309
153
395
158
786
971
241
134
448
387
386
330
668
44
771
363
723
440
443
330
604
879
356
172
573
700
99
166
175
416
506
945
462
910
376
433
832
554
390
776
992
455
794
170
802
995
176
604
638
785
428
102
434
682
37
755
95
57
971
857
182
962
473
41
99
438
597
76
927
814
21
879
924
306
364
149
746
709
65
984
87
94
480
708
226
709
546
984
408
63
776
570
296
593
469
837
225
13
81
721
315
660
257
736
754
176
980
8
527
828
177
466
90
75
548
390
594
90
239
801
60
147
917
484
18
671
138
498
90
255
782
742
984
702
352
918
846
966
935
944
31
214
540
159
707
662
51
98
228
351
313
545
448
377
847
45
951
857
564
131
244
487
665
893
489
162
5
781
619
80
265
967
36
686
990
274
559
681
674
26
38
238
762
925
399
540
489
375
773
188
815
221
795
650
837
331
843
131
364
250
308
266
85
530
907
129
291
239
120
752
372
667
313
701
175
784
101
617
56
408
742
947
463
995
433
219
478
676
10
557
417
777
648
407
159
29
511
929
287
323
509
48
70
353
348
567
997
647
862
579
175
322
711
786
808
994
788
975
705
372
985
940
823
636
568
372
229
347
126
75
358
761
575
53
164
416
210
424
510
876
47
512
411
474
156
413
854
684
127
202
226
167
134
692
84
993
882
517
512
378
402
292
372
454
252
595
601
28
262
613
519
206
419
298
560
861
1
64
453
984
630
367
708
57
755
913
907
948
633
597
510
541
616
423
477
221
151
341
697
64
13
544
637
766
846
517
633
661
985
119
89
655
998
771
332
885
909
240
744
576
313
41
555
335
740
912
797
922
764
640
713
890
299
767
450
11
596
430
746
911
713
743
998
192
586
618
717
817
64
588
639
969
807
404
843
470
441
235
208
914
328
400
109
980
36
781
932
726
626
705
680
310
893
371
168
348
46
519
92
167
519
841
4
492
310
819
808
684
261
260
186
56
822
904
672
764
771
358
205
533
347
938
879
272
17
55
619
569
607
664
4
349
136
619
483
572
514
162
913
726
250
136
919
241
986
853
566
836
805
318
555
643
571
916
250
528
360
527
971
474
279
414
810
285
949
46
560
174
416
45
136
968
253
585
788
712
288
266
420
153
646
993
144
581
807
28
742
498
760
767
589
180
932
336
2
420
682
6
551
45
554
919
457
414
354
789
331
313
797
149
110
712
146
372
682
278
322
765
606
569
723
771
419
978
826
536
719
422
557
584
45
237
6
261
529
460
148
23
361
289
540
255
343
979
620
409
500
427
504
260
919
562
782
992
650
553
307
434
509
71
937
750
20
331
568
442
443
342
944
883
674
899
697
31
348
279
354
726
57
911
46
29
660
498
884
328
414
556
845
20
105
323
569
886
65
650
802
979
396
280
490
565
203
476
169
463
600
631
622
286
735
142
774
100
698
507
971
385
716
719
995
952
799
190
186
899
920
999
58
60
224
422
166
786
118
983
862
940
712
81
157
885
697
421
310
180
980
514
645
222
646
679
466
970
298
980
120
473
286
981
163
913
114
779
464
348
25
33
526
265
303
648
946
735
819
959
610
785
167
931
807
483
178
927
525
208
182
648
38
973
29
600
682
229
726
797
987
761
750
404
893
307
738
895
955
320
321
873
36
185
990
82
477
20
946
588
280
580
968
216
513
9
882
389
665
60
490
190
276
92
338
303
366
822
197
940
586
477
294
486
138
414
646
219
538
430
316
913
231
306
588
646
134
539
778
407
446
548
599
307
855
985
826
187
372
838
851
425
12
505
584
10
431
869
562
970
436
251
618
954
583
103
941
848
910
805
911
643
277
823
547
592
864
156
568
695
854
454
840
180
653
855
378
130
296
337
199
506
549
25
138
548
122
151
528
320
880
461
670
708
176
154
522
146
450
49
170
300
877
979
1
543
873
93
280
17
175
295
929
17
410
547
622
642
511
326
728
387
703
54
772
398
109
856
407
979
507
973
555
200
983
576
873
671
67
247
910
196
298
715
299
377
62
445
724
177
599
375
218
317
694
61
19
606
831
558
119
904
757
803
414
158
655
322
37
920
968
967
40
542
941
248
209
296
447
715
78
844
104
951
457
786
618
916
513
279
11
360
893
340
597
166
841
51
817
309
673
854
508
490
330
484
618
331
104
656
687
706
722
679
845
826
834
878
207
72
240
198
259
217
206
941
638
972
815
322
514
196
928
277
675
349
472
280
879
440
796
54
643
764
979
15
210
131
176
261
384
462
118
686
309
814
350
726
190
104
115
768
373
828
87
944
40
883
694
209
743
490
64
278
591
151
685
855
724
319
216
882
683
985
710
899
581
251
824
962
199
535
611
712
678
57
137
245
632
968
336
472
782
222
1
700
886
854
755
836
837
849
422
211
250
997
987
50
61
35
312
39
542
11
858
46
42
742
675
23
775
24
475
427
625
896
610
316
222
261
627
849
587
654
837
163
402
286
235
446
59
427
955
319
71
810
428
183
443
792
80
145
329
999
449
366
747
859
320
866
569
440
632
82
418
218
937
517
822
881
345
172
730
143
204
567
837
174
604
222
351
435
861
440
730
337
271
132
856
20
582
618
660
795
598
4
461
897
383
670
900
512
736
343
478
762
384
947
301
357
752
919
266
938
381
969
301
163
33
185
101
767
257
623
210
755
257
594
744
390
363
634
118
857
542
596
316
441
187
424
604
994
939
279
454
858
53
846
959
504
860
202
813
215
212
655
161
538
357
873
559
510
256
262
529
22
246
390
23
679
56
904
171
546
865
482
593
567
152
684
836
731
210
770
244
369
764
372
643
718
230
28
350
268
242
772
929
221
404
417
43
802
324
783
153
15
118
307
118
644
267
7
240
691
544
621
782
552
852
340
685
914
120
544
58
517
214
801
522
633
60
658
237
731
586
827
256
30
790
430
18
270
313
395
351
745
171
368
752
458
129
585
459
706
671
463
686
301
832
808
287
567
242
948
775
481
959
503
990
148
181
215
40
185
423
604
788
810
29
959
397
760
599
400
561
850
823
824
791
703
811
655
373
753
913
491
784
990
502
599
13
36
399
83
396
520
457
413
620
659
27
100
449
113
57
757
426
823
108
164
967
128
820
537
360
773
135
236
881
327
356
294
18
474
864
374
714
568
498
44
299
94
186
53
288
887
547
372
595
35
522
394
724
708
566
33
788
245
311
603
768
536
692
625
72
66
540
787
414
940
750
708
276
329
980
630
575
55
970
737
352
956
629
11
761
383
478
573
501
631
365
258
63
308
547
349
364
640
536
558
813
18
938
24
957
7
271
674
529
469
482
96
509
789
649
109
3
404
463
7
478
798
173
7
781
80
4
380
299
9
670
379
946
731
402
685
920
132
230
45
34
980
566
500
326
466
186
195
781
567
854
957
852
255
220
22
459
63
908
803
230
951
523
999
290
174
993
112
242
348
348
732
631
961
306
235
574
847
180
386
139
758
951
913
987
500
748
242
991
222
630
510
908
24
43
398
736
765
964
171
383
476
375
466
795
439
756
599
570
121
740
477
993
35
285
1000
630
986
954
119
940
497
423
537
128
831
579
219
576
597
710
891
466
750
385
116
402
379
965
246
870
170
68
681
228
34
724
662
427
142
970
418
366
252
475
496
109
176
285
666
926
297
212
420
425
96
208
45
313
297
876
522
637
256
921
945
479
41
225
7
260
523
72
766
386
154
437
703
200
383
790
952
566
167
273
314
406
845
207
25
770
668
698
424
101
494
936
289
318
890
848
911
606
917
904
672
995
335
417
993
173
385
51
616
277
720
514
568
470
745
66
989
699
489
918
909
200
239
707
206
717
545
532
241
717
112
463
827
517
41
796
404
103
384
758
694
886
283
290
76
660
344
116
276
168
164
729
755
323
906
632
59
857
748
249
843
700
840
391
987
724
34
506
611
180
994
772
111
110
562
702
417
70
903
19
907
267
657
210
86
474
456
609
973
29
389
876
935
249
386
853
677
933
71
22
753
686
426
34
214
751
570
657
146
814
328
266
221
882
619
107
668
288
686
747
719
477
256
833
923
558
88
846
580
363
315
637
427
450
492
90
592
807
766
912
404
873
401
349
190
688
670
768
816
723
889
171
317
630
618
387
321
544
440
716
757
474
819
682
429
340
972
234
272
817
955
151
204
267
853
864
227
506
712
454
126
349
652
52
708
971
7
799
95
547
77
437
139
735
651
385
947
407
310
828
723
530
701
169
332
911
256
743
535
954
499
561
945
915
43
985
895
600
251
648
815
978
899
659
202
141
790
736
746
24
31
542
955
405
256
690
49
219
358
662
311
222
844
100
959
920
818
184
627
249
409
467
766
978
438
116
679
872
561
808
443
595
17
659
7
190
135
159
343
801
171
465
262
954
910
979
682
50
885
363
971
411
310
571
280
847
411
450
333
220
944
680
493
684
34
998
169
929
726
348
626
734
156
284
200
728
62
595
959
267
272
208
299
793
230
477
129
133
220
211
73
782
718
690
435
719
885
381
373
43
603
348
286
38
83
971
898
70
752
224
427
640
760
530
760
423
468
404
332
848
239
233
998
737
488
474
833
687
38
531
199
599
880
379
495
140
14
706
199
343
143
965
160
493
663
836
749
490
293
901
671
211
983
338
969
169
130
925
506
777
370
227
444
841
265
518
760
429
656
549
324
879
536
655
867
861
43
60
687
885
612
540
77
539
232
728
348
755
583
806
260
529
131
363
735
373
44
113
31
973
61
592
260
755
935
809
744
686
895
101
33
908
254
804
321
476
582
169
142
377
364
594
257
579
95
22
765
544
451
359
654
32
537
167
940
870
303
55
634
618
231
363
255
955
903
49
289
834
645
568
248
298
309
789
430
451
400
984
145
485
818
157
483
554
601
303
431
604
317
727
447
550
792
162
94
255
771
176
431
496
34
169
352
879
557
170
703
460
452
197
600
1
983
238
480
886
735
882
633
18
212
107
930
702
532
182
73
531
629
261
624
452
583
431
282
238
897
509
136
555
462
617
133
166
108
167
882
345
249
461
158
867
18
487
702
373
617
99
365
827
690
787
152
592
826
184
113
561
517
763
941
268
578
128
812
130
957
316
565
535
754
917
364
979
993
768
297
848
666
604
197
444
677
766
35
825
942
447
689
223
764
552
714
603
773
718
138
104
696
119
389
524
462
732
156
742
397
681
805
427
267
839
854
200
859
883
541
362
607
656
71
521
851
751
187
499
17
439
658
485
135
735
678
291
977
543
364
545
411
687
775
314
40
391
90
405
568
934
394
729
729
911
30
501
325
261
604
713
516
975
761
643
510
606
620
402
199
971
175
327
143
421
587
113
613
241
920
447
735
458
110
720
25
736
899
934
544
365
208
921
465
698
842
608
298
264
43
171
557
930
194
252
141
648
205
51
966
215
34
440
102
36
85
364
185
455
520
80
501
844
765
871
388
924
689
8
967
690
814
411
981
66
456
324
528
116
465
237
168
22
780
854
662
943
754
368
535
376
908
672
963
325
133
775
425
305
667
661
121
16
27
93
45
957
470
124
757
212
147
275
422
754
18
301
918
880
155
458
574
295
409
561
708
517
822
212
124
181
59
85
819
973
748
519
80
265
623
191
927
341
879
337
899
487
513
319
768
243
778
124
770
216
467
703
669
607
466
923
18
364
30
419
994
205
798
587
274
888
447
345
132
986
65
651
438
409
572
18
264
818
788
635
127
575
486
287
242
672
358
760
349
826
447
68
858
214
318
334
48
8
659
375
253
439
812
316
832
580
392
185
604
492
757
979
818
496
623
179
134
716
70
935
107
284
98
962
126
105
134
164
756
955
814
828
201
385
774
793
870
981
184
256
734
555
874
824
717
87
642
889
333
957
774
19
279
164
348
467
755
36
683
992
324
855
925
876
298
628
873
110
333
78
769
164
626
83
685
781
822
528
513
309
725
458
954
946
693
287
368
851
492
571
489
552
738
855
155
172
293
491
339
223
839
500
654
280
206
625
946
560
272
143
843
617
416
805
814
350
449
930
163
284
534
617
324
86
52
959
12
478
693
659
526
447
778
820
467
352
12
193
543
475
735
673
161
675
363
802
133
379
864
135
576
692
405
171
743
135
485
914
677
296
311
927
159
43
561
384
933
480
464
382
751
978
567
120
921
166
57
503
5
735
540
227
36
438
533
565
304
726
865
814
233
670
79
156
290
575
424
725
199
677
848
276
798
11
332
393
543
231
919
477
240
580
603
811
282
790
49
649
746
177
397
414
684
226
537
190
339
775
203
200
414
226
910
296
895
776
930
801
621
16
345
138
196
928
224
617
422
465
101
190
912
706
411
502
651
402
184
808
318
15
599
611
541
683
294
478
32
118
902
354
730
143
50
946
859
356
679
11
845
594
167
358
880
382
929
522
186
601
96
54
838
154
414
532
888
509
646
177
531
841
395
449
375
200
296
496
226
95
980
115
346
125
337
805
692
569
370
78
100
892
575
413
305
293
694
621
764
803
488
894
317
277
85
651
722
909
828
889
717
788
571
63
945
55
368
712
433
478
722
85
653
637
535
432
130
492
834
276
308
969
128
184
2
685
632
386
359
812
821
232
48
382
657
513
199
275
71
819
963
819
509
821
978
202
156
12
188
987
830
516
341
780
579
212
678
15
680
732
416
80
933
2
383
946
832
591
735
365
747
801
342
122
159
561
638
111
52
549
765
597
206
88
330
422
21
981
885
493
689
419
148
846
552
834
406
548
758
204
878
649
960
558
326
352
173
157
797
870
449
166
399
575
431
334
599
597
818
152
579
115
368
453
964
200
572
357
745
528
542
907
367
140
721
199
87
896
913
518
60
493
655
380
263
69
419
449
137
596
21
520
868
135
584
652
710
284
339
382
244
537
940
674
295
856
355
952
5
488
865
838
862
551
668
738
569
955
656
564
51
136
651
578
916
35
284
286
862
710
849
914
530
748
493
148
841
572
10
164
851
746
32
34
56
56
226
244
153
933
977
581
866
652
887
74
262
749
674
150
367
760
652
981
561
701
67
805
393
689
977
360
231
283
154
278
285
989
13
408
611
878
802
167
929
332
447
707
736
231
622
